Date;Prec;Temp;Flow;Q
2011-01-01;0.0;24.94;0.020320230502723677;0.2508347856836149
2011-01-02;15.7;23.44;0.01932087490422908;0.23849864868278145
2011-01-03;8.15;24.04;0.01651678622245797;0.2038847212750373
2011-01-04;0.0;25.64;0.012461252241671088;0.15382283852390696
2011-01-05;0.0;26.8;0.010374964427942378;0.1280695107473921
2011-01-06;27.95;27.12;0.08447869623146674;1.0428127604758657
2011-01-07;8.95;27.64;0.07071443488840055;0.8729054583112322
2011-01-08;0.0;26.76;0.06414782557904575;0.7918466318102599
2011-01-09;4.9;27.28;0.05780138552112012;0.7135055947058675
2011-01-10;3.3;25.84;0.054712468216682256;0.6753757167032913
2011-01-11;1.25;25.2;0.051681662499052816;0.6379631734485111
2011-01-12;3.5;23.88;0.04579847818948751;0.5653406077138744
2011-01-13;13.9;24.2;0.04015919884990697;0.4957288272587205
2011-01-14;1.05;25.84;0.034776101576115784;0.429279381677654
2011-01-15;9.4;26.28;0.029661463463918566;0.36614382056528
2011-01-16;0.0;28.96;0.02482838008217355;0.3064837968225101
2011-01-17;2.5;25.36;0.020320230502723677;0.2508347856836149
2011-01-18;26.35;24.6;0.11437833535399458;1.4118966431764794
2011-01-19;0.0;26.08;0.0740775406658079;0.9144199439266502
2011-01-20;2.6;24.64;0.041545692202773356;0.5128438281427598
2011-01-21;0.0;25.64;0.02720849972215908;0.3358642115632341
2011-01-22;2.9;25.84;0.020320230502723677;0.2508347856836149
2011-01-23;0.0;26.04;0.01932087490422908;0.23849864868278145
2011-01-24;0.0;26.76;0.017419562000623036;0.21502866813164606
2011-01-25;6.5;28.2;0.017419562000623036;0.21502866813164606
2011-01-26;4.4;26.24;0.04724635702137692;0.5832133565709379
2011-01-27;4.85;26.48;0.04579847818948751;0.5653406077138744
2011-01-28;2.4000000000000004;27.24;0.041545692202773356;0.5128438281427598
2011-01-29;7.7;27.28;0.037435320527392596;0.4621050238690612
2011-01-30;9.25;26.24;0.03218481588829111;0.39729231390972697
2011-01-31;0.0;27.28;0.03218481588829111;0.39729231390972697
2011-02-01;28.9;24.96;0.15149035902519936;1.8700108610542805
2011-02-02;0.0;23.18;0.09349253997120559;1.1540804728347354
2011-02-03;0.0;25.46;0.054712468216682256;0.6753757167032913
2011-02-04;0.25;27.28;0.04294773654365892;0.5301507918466318
2011-02-05;4.85;26.48;0.037435320527392596;0.4621050238690612
2011-02-06;0.049999999999999815;26.0;0.03218481588829111;0.39729231390972697
2011-02-07;1.6;25.36;0.03218481588829111;0.39729231390972697
2011-02-08;17.05;26.6;0.029661463463918566;0.36614382056528
2011-02-09;4.45;26.0;0.02720849972215908;0.3358642115632341
2011-02-10;1.95;23.84;0.12635668849401802;1.5597585309792632
2011-02-11;4.55;24.0;0.1602054601003595;1.9775908666110984
2011-02-12;17.85;22.12;0.2645795993197107;3.265994796797252
2011-02-13;47.45;23.72;0.40772153319778065;5.032951933520245
2011-02-14;0.0;23.56;0.25723871450161234;3.175378242529868
2011-02-15;0.0;21.62;0.1602054601003595;1.9775908666110984
2011-02-16;0.0;24.1;0.15149035902519936;1.8700108610542805
2011-02-17;0.0;25.8;0.13873118259200323;1.7125104190346292
2011-02-18;0.0;25.96;0.12231916092041122;1.5099189209668864
2011-02-19;0.0;26.36;0.10854180400848677;1.3398499659013412
2011-02-20;21.05;26.12;0.08804723874533775;1.0868631759743377
2011-02-21;0.0;24.48;0.0740775406658079;0.9144199439266502
2011-02-22;6.25;23.88;0.06094677746625917;0.7523326008436261
2011-02-23;10.8;22.6;0.051681662499052816;0.6379631734485111
2011-02-24;16.200000000000006;26.28;0.04870978684128548;0.6012780682478341
2011-02-25;1.75;25.32;0.04015919884990697;0.4957288272587205
2011-02-26;8.299999999999999;23.4;0.034776101576115784;0.429279381677654
2011-02-27;7.55;22.96;0.02720849972215908;0.3358642115632341
2011-02-28;0.0;21.66;0.01932087490422908;0.23849864868278145
2011-03-01;0.0;21.78;0.013213428977966372;0.1631077770200298
2011-03-02;0.0;21.82;0.010374964427942378;0.1280695107473921
2011-03-03;0.0;22.54;0.007969472123294016;0.09837589351115153
2011-03-04;0.0;22.74;0.005096631705017134;0.06291328837362027
2011-03-05;0.0;23.04;0.003621743262357607;0.044707130408426166
2011-03-06;0.0;22.96;0.00221315113704293;0.02731934025409815
2011-03-07;0.0;23.2;0.0017703572150236165;0.021853451542017125
2011-03-08;0.0;24.12;0.0015722867360427036;0.0194084514157258
2011-03-09;0.0;24.36;0.0012219802690847245;0.015084236316334518
2011-03-10;13.05;24.08;0.011737722062253203;0.14489151574852868
2011-03-11;25.2;23.56;0.13456269932981405;1.6610542800131345
2011-03-12;0.4500000000000002;25.44;0.08984951640945334;1.1091106564623274
2011-03-13;0.0;23.52;0.06905211611645745;0.8523856432017379
2011-03-14;0.0;18.06;0.05780138552112012;0.7135055947058675
2011-03-15;0.0;18.74;0.051681662499052816;0.6379631734485111
2011-03-16;0.0;22.42;0.037435320527392596;0.4621050238690612
2011-03-17;1.5;23.88;0.02482838008217355;0.3064837968225101
2011-03-18;5.55;21.36;0.01651678622245797;0.2038847212750373
2011-03-19;0.0;19.56;0.014804540594242797;0.18274860448081634
2011-03-20;0.0;20.12;0.013213428977966372;0.1631077770200298
2011-03-21;0.0;22.54;0.011042838439712729;0.1363138086938951
2011-03-22;0.0;26.08;0.007969472123294016;0.09837589351115153
2011-03-23;0.0;26.96;0.005518145327641805;0.0681164911217196
2011-03-24;4.5;23.72;0.004318263831005363;0.05330504407567376
2011-03-25;9.55;22.12;0.003303357244491593;0.04077694425500745
2011-03-26;25.65;22.04;0.27050779964722627;3.3391730443787737
2011-03-27;18.35;20.08;0.29471086631641863;3.637937915182743
2011-03-28;63.4;19.32;0.8205928988490651;10.129473870324064
2011-03-29;14.95;19.98;0.7762292039226086;9.58184435856634
2011-03-30;0.0;22.28;0.3718805981788789;4.590528150337197
2011-03-31;0.0;22.52;0.23710018501679675;2.9267863908464045
2011-04-01;0.0;22.12;0.1602054601003595;1.9775908666110984
2011-04-02;0.0;21.54;0.11832583089170098;1.4606248894950873
2011-04-03;0.0;20.94;0.07577832767127209;0.935414614432573
2011-04-04;0.0;20.78;0.06414782557904575;0.7918466318102599
2011-04-05;1.4;18.46;0.051681662499052816;0.6379631734485111
2011-04-06;0.0;18.16;0.29011350317412204;3.5811876436563868
2011-04-07;0.0;18.58;0.08625641970397314;1.064757141774646
2011-04-08;0.0;21.44;0.06414782557904575;0.7918466318102599
2011-04-09;13.15;19.3;0.051681662499052816;0.6379631734485111
2011-04-10;0.0;20.5;0.03609793555774461;0.4455962213634413
2011-04-11;0.0;20.34;0.026009436698576277;0.32106286782349525
2011-04-12;0.0;20.98;0.01564593089338486;0.193134803364401
2011-04-13;4.9;23.54;0.00973410002694215;0.12015862190901973
2011-04-14;62.25;20.4;0.5867715168851506;7.243161324543457
2011-04-15;75.44999999999997;20.8;1.5158202800720701;18.711424313606628
2011-04-16;1.300000000000003;18.04;0.5630709926708932;6.950599883811978
2011-04-17;7.25;21.4;0.30088297161391897;3.7141269480437473
2011-04-18;2.75;18.36;0.2719982390779049;3.3575711651637996
2011-04-19;0.0;17.08;0.24422171905651965;3.014695259023516
2011-04-20;0.0;20.78;0.20537289556549046;2.535141825162284
2011-04-21;3.4;20.26;0.14719583091274954;1.8169988128615089
2011-04-22;0.0;21.38;0.10470889469829002;1.292536182465712
2011-04-23;15.95;18.04;1.2558896076970347;15.502816296633064
2011-04-24;0.0;13.38;0.6393690507312269;7.892430097749489
2011-04-25;0.0;14.08;0.3389100481590934;4.183536662372762
2011-04-26;0.0;15.38;0.27050779964722627;3.3391730443787737
2011-04-27;0.0;18.18;0.22448178594882673;2.7710237175115555
2011-04-28;0.0;20.1;0.23851778034570148;2.9442853173701096
2011-04-29;0.0;19.6;0.23710018501679675;2.9267863908464045
2011-04-30;0.0;18.56;0.20941369703131185;2.5850218483998892
2011-05-01;1.3;16.24;0.18950679542067644;2.3392892324013035
2011-05-02;0.55;13.46;0.13873118259200323;1.7125104190346292
2011-05-03;2.4;12.34;0.10092181987909712;1.2457881841832743
2011-05-04;0.0;13.84;0.07577832767127209;0.935414614432573
2011-05-05;0.0;15.78;0.06254034450169652;0.7720037382233336
2011-05-06;0.0;16.48;0.051681662499052816;0.6379631734485111
2011-05-07;0.0;15.34;0.037435320527392596;0.4621050238690612
2011-05-08;0.0;16.82;0.029661463463918566;0.36614382056528
2011-05-09;0.25;15.62;0.026009436698576277;0.32106286782349525
2011-05-10;0.0;16.3;0.02252274149006929;0.27802278295572225
2011-05-11;7.15;18.78;0.020320230502723677;0.2508347856836149
2011-05-12;1.2500000000000004;17.88;0.018354258227880078;0.2265666439342275
2011-05-13;0.0;16.42;0.01651678622245797;0.2038847212750373
2011-05-14;0.0;15.02;0.014804540594242797;0.18274860448081634
2011-05-15;1.75;15.54;0.013213428977966372;0.1631077770200298
2011-05-16;2.35;13.66;0.011737722062253203;0.14489151574852868
2011-05-17;0.0;13.2;0.020320230502723677;0.2508347856836149
2011-05-18;0.0;14.9;0.018354258227880078;0.2265666439342275
2011-05-19;0.0;14.7;0.01651678622245797;0.2038847212750373
2011-05-20;0.0;16.98;0.01651678622245797;0.2038847212750373
2011-05-21;0.0;17.18;0.01564593089338486;0.193134803364401
2011-05-22;0.0;21.86;0.013213428977966372;0.1631077770200298
2011-05-23;19.85;19.12;0.05018876764921321;0.6195347427445633
2011-05-24;1.0;17.34;0.04015919884990697;0.4957288272587205
2011-05-25;0.0;20.2;0.033472274001667045;0.4131848147306206
2011-05-26;0.0;14.72;0.029661463463918566;0.36614382056528
2011-05-27;0.0;13.44;0.02720849972215908;0.3358642115632341
2011-05-28;0.0;11.36;0.02482838008217355;0.3064837968225101
2011-05-29;0.0;10.62;0.02252274149006929;0.27802278295572225
2011-05-30;0.0;11.18;0.020320230502723677;0.2508347856836149
2011-05-31;0.2;13.94;0.018354258227880078;0.2265666439342275
2011-06-01;0.0;11.56;0.017419562000623036;0.21502866813164606
2011-06-02;0.0;11.7;0.01564593089338486;0.193134803364401
2011-06-03;0.0;15.02;0.013213428977966372;0.1631077770200298
2011-06-04;0.0;6.46;0.010374964427942378;0.1280695107473921
2011-06-05;0.0;6.36;0.00912024523671205;0.11258114217877804
2011-06-06;0.0;14.26;0.006917734249366439;0.08539314490667071
2011-06-07;7.75;12.92;0.15365358330597023;1.896713899623652
2011-06-08;37.35;11.7;0.22171289160836216;2.7368442322750117
2011-06-09;0.0;10.1;0.10470889469829002;1.292536182465712
2011-06-10;0.0;11.42;0.06254034450169652;0.7720037382233336
2011-06-11;0.0;11.66;0.0531901083369116;0.6565835669722918
2011-06-12;0.0;15.3;0.04436533187256363;0.5476497183703367
2011-06-13;0.0;13.12;0.037435320527392596;0.4621050238690612
2011-06-14;0.0;11.64;0.03091454570904162;0.3816119825212801
2011-06-15;0.0;16.94;0.02720849972215908;0.3358642115632341
2011-06-16;0.0;21.1;0.02482838008217355;0.3064837968225101
2011-06-17;0.0;16.96;0.03609793555774461;0.4455962213634413
2011-06-18;29.6;17.56;0.08447869623146674;1.0428127604758657
2011-06-19;0.0;21.62;0.07922000686182887;0.9778990174534616
2011-06-20;0.0;20.12;0.07238903075614829;0.8935768230153318
2011-06-21;23.35;16.52;0.41294175433389746;5.09739082114622
2011-06-22;10.3;16.42;0.34053144327835444;4.203551312166906
2011-06-23;16.95;16.88;0.3071017298754766;3.7908918693642484
2011-06-24;5.15;11.04;0.446580996838507;5.5126367103634655
2011-06-25;7.15;11.74;0.39907600233217977;4.926230708999519
2011-06-26;0.15000000000000036;8.6;0.34215529381677645;4.2235962718799716
2011-06-27;0.85;6.78;0.25287134228738856;3.121467000075775
2011-06-28;0.0;7.54;0.19605949068811934;2.4201763026950567
2011-06-29;0.0;10.32;0.1304375951394677;1.61013361622591
2011-06-30;0.0;11.4;0.1066192108054861;1.3161172993862242
2011-07-01;5.6;9.56;0.09904669811320754;1.2226415094339622
2011-07-02;7.85;6.8;0.11437833535399458;1.4118966431764794
2011-07-03;0.6000000000000001;5.6;0.11047585583423843;1.3637240787047562
2011-07-04;0.0;3.48;0.08271324985476497;1.0210199287716906
2011-07-05;0.0;4.16;0.07071443488840055;0.8729054583112322
2011-07-06;0.0;5.32;0.06254034450169652;0.7720037382233336
2011-07-07;0.0;5.36;0.05624956061141841;0.6943497259478164
2011-07-08;0.0;7.4;0.04294773654365892;0.5301507918466318
2011-07-09;0.0;10.88;0.04015919884990697;0.4957288272587205
2011-07-10;0.0;11.48;0.03878907495811339;0.478815892500821
2011-07-11;0.5;13.08;0.033472274001667045;0.4131848147306206
2011-07-12;0.0;16.48;0.03218481588829111;0.39729231390972697
2011-07-13;12.3;17.24;0.03609793555774461;0.4455962213634413
2011-07-14;18.450000000000006;14.96;0.18820624173844225;2.323235078679498
2011-07-15;25.9;22.84;0.42345831460011957;5.227208203884722
2011-07-16;0.0;19.96;0.2794929968300876;3.4500871410168976
2011-07-17;1.75;14.04;0.2107674514620326;2.6017327170316484
2011-07-18;2.95;14.16;0.1947417490717587;2.4039099795408045
2011-07-19;1.2000000000000002;15.72;0.18950679542067644;2.3392892324013035
2011-07-20;12.15;12.6;0.22033294603992495;2.7198100578414293
2011-07-21;82.3;10.32;1.696416359357766;20.940718850243737
2011-07-22;0.0;10.8;0.7235522781903295;8.931595564648532
2011-07-23;0.15;12.24;0.34378241824741307;4.243681644818266
2011-07-24;0.0;14.92;0.24997558462360972;3.0857215023616478
2011-07-25;0.0;21.56;0.2040322367036279;2.5185926094314364
2011-07-26;0.0;14.48;0.19342809982066636;2.387694172918088
2011-07-27;7.0;13.88;0.2107674514620326;2.6017327170316484
2011-07-28;42.7;17.04;0.7085390269674084;8.746270617059432
2011-07-29;15.15;15.72;0.8228518844771118;10.157358995731354
2011-07-30;35.65;12.44;1.5587491917354954;19.2413427294082
2011-07-31;7.35;9.32;0.62097059495845;7.665317875274682
2011-08-01;2.5;12.4;0.3735592864118951;4.611250031572834
2011-08-02;24.85;8.8;0.5533041537218055;6.830037129650679
2011-08-03;8.3;10.76;0.4830488822164971;5.9627996261776675
2011-08-04;0.7;7.84;0.3819944697027102;4.7153747063726605
2011-08-05;0.0;9.08;0.29011350317412204;3.5811876436563868
2011-08-06;0.0;12.76;0.2189570928367558;2.70282639993938
2011-08-07;1.8;16.6;0.15149035902519936;1.8700108610542805
2011-08-08;40.8;19.04;0.6851871722740017;8.458013184814732
2011-08-09;94.2;16.76;1.7027758949845504;21.01922154024905
2011-08-10;3.5;16.48;1.0191053532789438;12.579929782021164
2011-08-11;0.0;19.48;0.45017982285536273;5.557060948195296
2011-08-12;0.0;24.92;0.402525866253273;4.968816145083479
2011-08-13;0.0;19.68;0.3196841161290866;3.946209997221591
2011-08-14;10.8;13.12;0.24136361115320817;2.97941451339951
2011-08-15;7.75;18.72;0.22448178594882673;2.7710237175115555
2011-08-16;0.0;24.4;0.19737968772364095;2.4364729357682307
2011-08-17;0.0;16.76;0.14719583091274954;1.8169988128615089
2011-08-18;0.0;14.64;0.11437833535399458;1.4118966431764794
2011-08-19;10.55;13.64;0.10280921874079124;1.2690864085271905
2011-08-20;2.2;7.52;0.09349253997120559;1.1540804728347354
2011-08-21;0.0;5.68;0.08984951640945334;1.1091106564623274
2011-08-22;0.0;6.96;0.08625641970397314;1.064757141774646
2011-08-23;3.9;10.72;0.08447869623146674;1.0428127604758657
2011-08-24;0.8500000000000001;15.4;0.08271324985476497;1.0210199287716906
2011-08-25;4.9;15.32;0.07922000686182887;0.9778990174534616
2011-08-26;2.15;11.84;0.07749302871864819;0.956581041145715
2011-08-27;0.0;16.68;0.0740775406658079;0.9144199439266502
2011-08-28;13.1;18.2;0.07071443488840055;0.8729054583112322
2011-08-29;18.85;13.6;0.5092105549030503;6.285741708974262
2011-08-30;14.15;13.88;0.578830691318734;7.14513904675305
2011-08-31;0.15000000000000036;10.56;0.34378241824741307;4.243681644818266
2011-09-01;0.0;9.44;0.2514218265093919;3.103574044606097
2011-09-02;0.0;11.28;0.19605949068811934;2.4201763026950567
2011-09-03;0.0;16.32;0.1602054601003595;1.9775908666110984
2011-09-04;0.0;26.64;0.1429422264529817;1.764491929984087
2011-09-05;13.35;14.88;0.21212366131191432;2.618473895582329
2011-09-06;12.95;10.72;0.22171289160836216;2.7368442322750117
2011-09-07;0.0;13.92;0.19211772446178846;2.3715187795205983
2011-09-08;4.0;14.76;0.13873118259200323;1.7125104190346292
2011-09-09;21.05;14.52;0.23568504510705296;2.9093177742416207
2011-09-10;0.09999999999999963;16.08;0.25870050737541356;3.1934227475941497
2011-09-11;0.0;12.6;0.21484753963442868;2.6520976989719887
2011-09-12;0.0;15.0;0.15582744773643842;1.9235482811750144
2011-09-13;0.0;15.6;0.11832583089170098;1.4606248894950873
2011-09-14;0.0;13.68;0.09166488964242715;1.1315197898512288
2011-09-15;0.0;16.72;0.07238903075614829;0.8935768230153318
2011-09-16;0.0;20.08;0.06094677746625917;0.7523326008436261
2011-09-17;0.0;20.56;0.05624956061141841;0.6943497259478164
2011-09-18;0.15;18.88;0.04870978684128548;0.6012780682478341
2011-09-19;0.4500000000000001;17.36;0.04579847818948751;0.5653406077138744
2011-09-20;38.0;15.04;0.13249523639631902;1.63553332828168
2011-09-21;0.15000000000000036;14.48;0.11634676304799912;1.436195094844788
2011-09-22;0.0;17.72;0.08447869623146674;1.0428127604758657
2011-09-23;0.2;15.72;0.0740775406658079;0.9144199439266502
2011-09-24;8.5;16.12;0.06905211611645745;0.8523856432017379
2011-09-25;0.0;18.08;0.06254034450169652;0.7720037382233336
2011-09-26;0.0;19.44;0.05780138552112012;0.7135055947058675
2011-09-27;0.0;18.6;0.05018876764921321;0.6195347427445633
2011-09-28;0.0;19.28;0.04579847818948751;0.5653406077138744
2011-09-29;0.0;24.56;0.04294773654365892;0.5301507918466318
2011-09-30;0.0;19.88;0.04015919884990697;0.4957288272587205
2011-10-01;47.9;18.32;0.22033294603992495;2.7198100578414293
2011-10-02;2.45;18.84;0.26753756093556613;3.3025081457907097
2011-10-03;0.0;14.52;0.1908106229951252;2.355383799348337
2011-10-04;0.0;15.12;0.1243317861593123;1.5347629511757723
2011-10-05;0.0;18.6;0.10092181987909712;1.2457881841832743
2011-10-06;0.0;20.8;0.07749302871864819;0.956581041145715
2011-10-07;0.0;23.0;0.06094677746625917;0.7523326008436261
2011-10-08;13.35;19.88;0.06094677746625917;0.7523326008436261
2011-10-09;1.7;22.48;0.05780138552112012;0.7135055947058675
2011-10-10;1.6;18.64;0.05624956061141841;0.6943497259478164
2011-10-11;0.0;19.4;0.04870978684128548;0.6012780682478341
2011-10-12;0.0;18.12;0.04579847818948751;0.5653406077138744
2011-10-13;17.349999999999998;20.2;0.04294773654365892;0.5301507918466318
2011-10-14;1.0500000000000007;18.68;0.04015919884990697;0.4957288272587205
2011-10-15;0.0;18.44;0.037435320527392596;0.4621050238690612
2011-10-16;0.0;18.76;0.034776101576115784;0.429279381677654
2011-10-17;0.0;19.88;0.03218481588829111;0.39729231390972697
2011-10-18;0.0;18.84;0.05624956061141841;0.6943497259478164
2011-10-19;0.0;18.76;0.04870978684128548;0.6012780682478341
2011-10-20;0.0;18.4;0.037435320527392596;0.4621050238690612
2011-10-21;0.0;22.12;0.03218481588829111;0.39729231390972697
2011-10-22;0.0;24.84;0.026009436698576277;0.32106286782349525
2011-10-23;0.0;25.04;0.01932087490422908;0.23849864868278145
2011-10-24;2.15;19.0;0.014804540594242797;0.18274860448081634
2011-10-25;56.0;18.32;0.24565568384649705;3.03239625167336
2011-10-26;57.7;16.56;1.577279421669908;19.47008158419843
2011-10-27;0.15000000000000036;16.56;0.6830787856878248;8.431987067767928
2011-10-28;0.0;18.92;0.3340638692084902;4.12371498572908
2011-10-29;0.0;17.6;0.22171289160836216;2.7368442322750117
2011-10-30;0.6;17.48;0.15582744773643842;1.9235482811750144
2011-10-31;0.0;16.64;0.1066192108054861;1.3161172993862242
2011-11-01;0.0;17.44;0.08625641970397314;1.064757141774646
2011-11-02;0.0;19.56;0.08096008057386779;0.9993786466621202
2011-11-03;0.0;20.16;0.0740775406658079;0.9144199439266502
2011-11-04;0.0;23.2;0.06254034450169652;0.7720037382233336
2011-11-05;0.0;23.76;0.0531901083369116;0.6565835669722918
2011-11-06;1.15;25.52;0.04294773654365892;0.5301507918466318
2011-11-07;0.0;21.16;0.037435320527392596;0.4621050238690612
2011-11-08;0.0;23.48;0.03218481588829111;0.39729231390972697
2011-11-09;0.0;26.24;0.029661463463918566;0.36614382056528
2011-11-10;2.1;21.88;0.02720849972215908;0.3358642115632341
2011-11-11;4.7;19.88;0.02482838008217355;0.3064837968225101
2011-11-12;0.0;19.96;0.02252274149006929;0.27802278295572225
2011-11-13;0.0;20.2;0.021353143496417534;0.263585158243035
2011-11-14;0.0;19.8;0.020320230502723677;0.2508347856836149
2011-11-15;0.0;19.52;0.018354258227880078;0.2265666439342275
2011-11-16;7.25;20.48;0.017419562000623036;0.21502866813164606
2011-11-17;0.0;21.48;0.01651678622245797;0.2038847212750373
2011-11-18;0.0;22.48;0.014804540594242797;0.18274860448081634
2011-11-19;0.0;24.08;0.012461252241671088;0.15382283852390696
2011-11-20;0.0;23.4;0.010374964427942378;0.1280695107473921
2011-11-21;0.15;20.2;0.00912024523671205;0.11258114217877804
2011-11-22;18.05;21.76;0.014804540594242797;0.18274860448081634
2011-11-23;6.1;20.44;0.020320230502723677;0.2508347856836149
2011-11-24;0.0;21.08;0.01932087490422908;0.23849864868278145
2011-11-25;0.0;23.0;0.014804540594242797;0.18274860448081634
2011-11-26;0.0;24.56;0.011042838439712729;0.1363138086938951
2011-11-27;0.0;26.04;0.00973410002694215;0.12015862190901973
2011-11-28;0.0;28.08;0.00912024523671205;0.11258114217877804
2011-11-29;3.25;27.24;0.006917734249366439;0.08539314490667071
2011-11-30;0.0;24.0;0.006917734249366439;0.08539314490667071
2011-12-01;1.2;17.16;0.005961757722714759;0.0735924831401076
2011-12-02;0.0;20.32;0.005518145327641805;0.0681164911217196
2011-12-03;0.0;21.16;0.005096631705017134;0.06291328837362027
2011-12-04;0.5;24.6;0.005096631705017134;0.06291328837362027
2011-12-05;0.0;25.12;0.0046963983817871055;0.05797277158950265
2011-12-06;0.0;24.68;0.004318263831005363;0.05330504407567376
2011-12-07;5.6;27.12;0.004318263831005363;0.05330504407567376
2011-12-08;0.0;24.48;0.004318263831005363;0.05330504407567376
2011-12-09;0.0;22.8;0.003959772633510983;0.0488797959132126
2011-12-10;0.0;22.52;0.003621743262357607;0.044707130408426166
2011-12-11;0.0;23.84;0.003621743262357607;0.044707130408426166
2011-12-12;3.5;26.56;0.003621743262357607;0.044707130408426166
2011-12-13;1.8;21.96;0.003003796106859305;0.03707913414664951
2011-12-14;1.15;19.76;0.005961757722714759;0.0735924831401076
2011-12-15;4.8;19.68;0.018354258227880078;0.2265666439342275
2011-12-16;3.0;21.92;0.014804540594242797;0.18274860448081634
2011-12-17;0.8;22.88;0.011737722062253203;0.14489151574852868
2011-12-18;0.55;23.96;0.010374964427942378;0.1280695107473921
2011-12-19;0.0;25.48;0.00973410002694215;0.12015862190901973
2011-12-20;0.0;28.76;0.00853176311114479;0.10531686494405296
2011-12-21;0.0;28.12;0.0064282873632896375;0.07935136773509131
2011-12-22;0.0;28.44;0.003621743262357607;0.044707130408426166
2011-12-23;0.0;23.56;0.001983160208970052;0.024480311181834254
2011-12-24;1.5;18.52;0.0015722867360427036;0.0194084514157258
2011-12-25;0.45;19.56;0.0013897672450809528;0.01715541410926726
2011-12-26;0.0;24.0;0.0012219802690847245;0.015084236316334518
2011-12-27;0.0;24.32;0.0012219802690847245;0.015084236316334518
2011-12-28;0.0;23.8;0.0010672888619467386;0.013174711424313605
2011-12-29;0.0;23.0;0.0009265114967206351;0.011436942739511504
2011-12-30;0.0;23.52;0.0006826065267358743;0.008426157460028795
2011-12-31;7.8;22.84;0.0010672888619467386;0.013174711424313605
2012-01-01;1.7;22.76;0.0024586930531349713;0.030350332146194838
2012-01-02;1.25;23.88;0.0015722867360427036;0.0194084514157258
2012-01-03;0.0;26.12;0.0015722867360427036;0.0194084514157258
2012-01-04;2.85;24.08;0.0012219802690847245;0.015084236316334518
2012-01-05;0.0;23.4;0.0009265114967206351;0.011436942739511504
2012-01-06;0.0;25.8;0.0009265114967206351;0.011436942739511504
2012-01-07;0.0;25.8;0.0006826065267358743;0.008426157460028795
2012-01-08;0.0;27.68;0.0004853545208086013;0.005991260640044455
2012-01-09;12.8;29.6;0.00032902616756333517;0.004061529135409563
2012-01-10;0.0;28.36;0.0002660037424330446;0.003283574549771413
2012-01-11;0.0;27.96;0.12231916092041122;1.5099189209668864
2012-01-12;14.2;26.08;0.041545692202773356;0.5128438281427598
2012-01-13;26.65;20.8;0.02720849972215908;0.3358642115632341
2012-01-14;23.85;21.76;0.020320230502723677;0.2508347856836149
2012-01-15;8.25;23.04;0.014804540594242797;0.18274860448081634
2012-01-16;0.0;24.28;0.011737722062253203;0.14489151574852868
2012-01-17;0.0;24.44;0.010374964427942378;0.1280695107473921
2012-01-18;0.0;26.24;0.007969472123294016;0.09837589351115153
2012-01-19;0.0;26.72;0.005961757722714759;0.0735924831401076
2012-01-20;0.0;27.04;0.004318263831005363;0.05330504407567376
2012-01-21;35.6;26.08;0.04579847818948751;0.5653406077138744
2012-01-22;0.5;26.6;0.04294773654365892;0.5301507918466318
2012-01-23;10.5;28.92;0.01651678622245797;0.2038847212750373
2012-01-24;6.7;27.0;0.012461252241671088;0.15382283852390696
2012-01-25;0.15;25.64;0.013994252271139065;0.17274633123689728
2012-01-26;8.0;22.32;0.007969472123294016;0.09837589351115153
2012-01-27;0.0;22.2;0.005961757722714759;0.0735924831401076
2012-01-28;0.0;24.44;0.005096631705017134;0.06291328837362027
2012-01-29;0.0;25.68;0.004318263831005363;0.05330504407567376
2012-01-30;0.0;26.96;0.003003796106859305;0.03707913414664951
2012-01-31;0.0;28.88;0.001983160208970052;0.024480311181834254
2012-02-01;0.0;28.12;0.001983160208970052;0.024480311181834254
2012-02-02;0.0;26.8;0.0015722867360427036;0.0194084514157258
2012-02-03;4.0;25.8;0.018354258227880078;0.2265666439342275
2012-02-04;1.45;26.96;0.0046963983817871055;0.05797277158950265
2012-02-05;0.0;27.6;0.0027222413764070967;0.033603596777045296
2012-02-06;24.7;27.64;0.06576922069830685;0.8118612816044051
2012-02-07;9.5;25.44;0.04579847818948751;0.5653406077138744
2012-02-08;25.35;28.8;0.1908106229951252;2.355383799348337
2012-02-09;1.0;25.96;0.08625641970397314;1.064757141774646
2012-02-10;2.45;23.2;0.034776101576115784;0.429279381677654
2012-02-11;0.0;21.36;0.018354258227880078;0.2265666439342275
2012-02-12;0.0;22.24;0.013213428977966372;0.1631077770200298
2012-02-13;0.0;25.0;0.00912024523671205;0.11258114217877804
2012-02-14;0.0;27.9;0.006917734249366439;0.08539314490667071
2012-02-15;0.0;28.52;0.005961757722714759;0.0735924831401076
2012-02-16;0.0;29.6;0.005096631705017134;0.06291328837362027
2012-02-17;0.0;28.32;0.004318263831005363;0.05330504407567376
2012-02-18;0.0;27.92;0.020320230502723677;0.2508347856836149
2012-02-19;13.5;30.4;0.010374964427942378;0.1280695107473921
2012-02-20;6.7;27.52;0.0064282873632896375;0.07935136773509131
2012-02-21;0.0;25.36;0.00912024523671205;0.11258114217877804
2012-02-22;25.7;24.56;0.00912024523671205;0.11258114217877804
2012-02-23;0.0;25.08;0.0531901083369116;0.6565835669722918
2012-02-24;0.0;24.88;0.029661463463918566;0.36614382056528
2012-02-25;0.0;22.92;0.034776101576115784;0.429279381677654
2012-02-26;9.95;25.56;0.03218481588829111;0.39729231390972697
2012-02-27;8.2;23.2;0.020320230502723677;0.2508347856836149
2012-02-28;0.0;26.92;0.01564593089338486;0.193134803364401
2012-02-29;28.3;25.12;0.011737722062253203;0.14489151574852868
2012-03-01;12.25;22.44;0.06576922069830685;0.8118612816044051
2012-03-02;3.0000000000000013;21.68;0.04870978684128548;0.6012780682478341
2012-03-03;0.0;22.48;0.029661463463918566;0.36614382056528
2012-03-04;0.0;24.52;0.02252274149006929;0.27802278295572225
2012-03-05;0.0;28.68;0.01651678622245797;0.2038847212750373
2012-03-06;0.0;29.2;0.011042838439712729;0.1363138086938951
2012-03-07;0.0;27.92;0.00853176311114479;0.10531686494405296
2012-03-08;0.0;27.88;0.0064282873632896375;0.07935136773509131
2012-03-09;7.95;25.6;0.005518145327641805;0.0681164911217196
2012-03-10;0.0;26.88;0.005096631705017134;0.06291328837362027
2012-03-11;0.0;27.16;0.004318263831005363;0.05330504407567376
2012-03-12;0.0;27.8;0.003959772633510983;0.0488797959132126
2012-03-13;0.0;25.72;0.003621743262357607;0.044707130408426166
2012-03-14;14.65;22.4;0.003621743262357607;0.044707130408426166
2012-03-15;13.6;20.52;0.003003796106859305;0.03707913414664951
2012-03-16;0.0;20.36;0.003003796106859305;0.03707913414664951
2012-03-17;0.0;23.22;0.0024586930531349713;0.030350332146194838
2012-03-18;0.0;23.88;0.0024586930531349713;0.030350332146194838
2012-03-19;0.0;23.8;0.0046963983817871055;0.05797277158950265
2012-03-20;0.0;24.28;0.006917734249366439;0.08539314490667071
2012-03-21;0.0;22.8;0.007969472123294016;0.09837589351115153
2012-03-22;13.5;21.44;0.0064282873632896375;0.07935136773509131
2012-03-23;3.8;19.32;0.005518145327641805;0.0681164911217196
2012-03-24;0.0;18.36;0.0046963983817871055;0.05797277158950265
2012-03-25;0.0;18.88;0.004318263831005363;0.05330504407567376
2012-03-26;0.0;18.84;0.003621743262357607;0.044707130408426166
2012-03-27;0.1;15.24;0.003621743262357607;0.044707130408426166
2012-03-28;0.0;13.8;0.003003796106859305;0.03707913414664951
2012-03-29;0.0;16.04;0.0024586930531349713;0.030350332146194838
2012-03-30;0.0;17.6;0.0024586930531349713;0.030350332146194838
2012-03-31;0.0;19.8;0.00221315113704293;0.02731934025409815
2012-04-01;0.0;22.64;0.001983160208970052;0.024480311181834254
2012-04-02;0.0;21.2;0.0017703572150236165;0.021853451542017125
2012-04-03;0.0;23.36;0.0015722867360427036;0.0194084514157258
2012-04-04;0.0;23.88;0.0012219802690847245;0.015084236316334518
2012-04-05;0.0;20.12;0.0012219802690847245;0.015084236316334518
2012-04-06;36.6;18.32;0.0010672888619467386;0.013174711424313605
2012-04-07;0.0;18.12;0.0009265114967206351;0.011436942739511504
2012-04-08;0.0;19.64;0.0009265114967206351;0.011436942739511504
2012-04-09;0.0;21.8;0.0006826065267358743;0.008426157460028795
2012-04-10;0.0;20.68;0.0004853545208086013;0.005991260640044455
2012-04-11;2.45;23.44;0.0004853545208086013;0.005991260640044455
2012-04-12;0.0;24.04;0.0004853545208086013;0.005991260640044455
2012-04-13;0.1;22.52;0.0009265114967206351;0.011436942739511504
2012-04-14;23.2;18.32;0.005096631705017134;0.06291328837362027
2012-04-15;10.5;17.84;0.023666148346004563;0.2921371018665858
2012-04-16;0.0;18.48;0.03218481588829111;0.39729231390972697
2012-04-17;1.7;19.48;0.034776101576115784;0.429279381677654
2012-04-18;0.0;20.64;0.02720849972215908;0.3358642115632341
2012-04-19;0.0;18.76;0.02482838008217355;0.3064837968225101
2012-04-20;0.0;19.76;0.020320230502723677;0.2508347856836149
2012-04-21;0.0;19.6;0.017419562000623036;0.21502866813164606
2012-04-22;0.5;13.64;0.01651678622245797;0.2038847212750373
2012-04-23;0.0;15.16;0.014804540594242797;0.18274860448081634
2012-04-24;0.0;11.6;0.012461252241671088;0.15382283852390696
2012-04-25;0.0;13.84;0.010374964427942378;0.1280695107473921
2012-04-26;0.0;14.56;0.007969472123294016;0.09837589351115153
2012-04-27;0.45;12.32;0.006917734249366439;0.08539314490667071
2012-04-28;0.0;11.76;0.005518145327641805;0.0681164911217196
2012-04-29;3.35;13.28;0.0046963983817871055;0.05797277158950265
2012-04-30;1.0;10.76;0.004318263831005363;0.05330504407567376
2012-05-01;0.55;12.08;0.003621743262357607;0.044707130408426166
2012-05-02;0.0;14.84;0.003003796106859305;0.03707913414664951
2012-05-03;1.15;17.72;0.003003796106859305;0.03707913414664951
2012-05-04;0.0;19.0;0.0027222413764070967;0.033603596777045296
2012-05-05;0.0;18.6;0.0024586930531349713;0.030350332146194838
2012-05-06;0.0;19.04;0.00221315113704293;0.02731934025409815
2012-05-07;0.0;19.68;0.001983160208970052;0.024480311181834254
2012-05-08;5.5;19.16;0.001983160208970052;0.024480311181834254
2012-05-09;0.0;19.8;0.001983160208970052;0.024480311181834254
2012-05-10;0.0;21.64;0.00221315113704293;0.02731934025409815
2012-05-11;0.0;17.22;0.0024586930531349713;0.030350332146194838
2012-05-12;0.45;11.72;0.00221315113704293;0.02731934025409815
2012-05-13;0.0;10.0;0.001983160208970052;0.024480311181834254
2012-05-14;0.0;11.6;0.001983160208970052;0.024480311181834254
2012-05-15;3.1;13.36;0.001983160208970052;0.024480311181834254
2012-05-16;0.0;15.88;0.0017703572150236165;0.021853451542017125
2012-05-17;0.0;16.76;0.0017703572150236165;0.021853451542017125
2012-05-18;0.0;17.48;0.0015722867360427036;0.0194084514157258
2012-05-19;0.0;17.92;0.0015722867360427036;0.0194084514157258
2012-05-20;0.0;17.96;0.0015722867360427036;0.0194084514157258
2012-05-21;0.0;17.36;0.0013897672450809528;0.01715541410926726
2012-05-22;0.0;19.16;0.0013897672450809528;0.01715541410926726
2012-05-23;0.0;18.36;0.0012219802690847245;0.015084236316334518
2012-05-24;0.0;18.12;0.0010672888619467386;0.013174711424313605
2012-05-25;0.0;17.36;0.0009265114967206351;0.011436942739511504
2012-05-26;0.0;17.04;0.0009265114967206351;0.011436942739511504
2012-05-27;0.0;17.48;0.0009265114967206351;0.011436942739511504
2012-05-28;0.0;21.88;0.0006826065267358743;0.008426157460028795
2012-05-29;0.0;24.32;0.0006826065267358743;0.008426157460028795
2012-05-30;8.9;15.08;0.0006826065267358743;0.008426157460028795
2012-05-31;19.2;11.8;0.01564593089338486;0.193134803364401
2012-06-01;0.0;11.96;0.00973410002694215;0.12015862190901973
2012-06-02;18.7;14.8;0.006917734249366439;0.08539314490667071
2012-06-03;7.65;12.96;0.02482838008217355;0.3064837968225101
2012-06-04;0.09999999999999963;11.36;0.012461252241671088;0.15382283852390696
2012-06-05;0.0;7.2;0.011042838439712729;0.1363138086938951
2012-06-06;1.0;7.2;0.010374964427942378;0.1280695107473921
2012-06-07;0.0;4.04;0.00973410002694215;0.12015862190901973
2012-06-08;0.0;4.12;0.00912024523671205;0.11258114217877804
2012-06-09;0.0;5.96;0.007969472123294016;0.09837589351115153
2012-06-10;0.0;7.84;0.005961757722714759;0.0735924831401076
2012-06-11;4.55;12.96;0.005961757722714759;0.0735924831401076
2012-06-12;0.0;16.4;0.005518145327641805;0.0681164911217196
2012-06-13;0.0;22.6;0.005096631705017134;0.06291328837362027
2012-06-14;0.0;22.8;0.0046963983817871055;0.05797277158950265
2012-06-15;0.0;19.8;0.004318263831005363;0.05330504407567376
2012-06-16;0.0;15.84;0.004318263831005363;0.05330504407567376
2012-06-17;0.0;12.72;0.004318263831005363;0.05330504407567376
2012-06-18;44.55;14.24;0.0284263876259756;0.35089793134803365
2012-06-19;0.0;12.76;0.04724635702137692;0.5832133565709379
2012-06-20;0.0;11.0;0.033472274001667045;0.4131848147306206
2012-06-21;0.0;10.96;0.0284263876259756;0.35089793134803365
2012-06-22;2.65;11.64;0.026009436698576277;0.32106286782349525
2012-06-23;2.15;10.84;0.02252274149006929;0.27802278295572225
2012-06-24;0.0;13.84;0.01651678622245797;0.2038847212750373
2012-06-25;0.0;11.92;0.011737722062253203;0.14489151574852868
2012-06-26;2.0;15.16;0.00853176311114479;0.10531686494405296
2012-06-27;0.0;19.8;0.005961757722714759;0.0735924831401076
2012-06-28;0.0;24.28;0.004318263831005363;0.05330504407567376
2012-06-29;0.0;25.52;0.004318263831005363;0.05330504407567376
2012-06-30;0.0;23.8;0.003621743262357607;0.044707130408426166
2012-07-01;0.0;25.28;0.003621743262357607;0.044707130408426166
2012-07-02;0.0;26.24;0.003303357244491593;0.04077694425500745
2012-07-03;0.0;16.96;0.003003796106859305;0.03707913414664951
2012-07-04;0.0;19.2;0.003003796106859305;0.03707913414664951
2012-07-05;0.0;12.0;0.01564593089338486;0.193134803364401
2012-07-06;54.15;8.52;0.7522986887802784;9.286443888762598
2012-07-07;63.40000000000001;5.96;0.7914478918819933;9.769705236038492
2012-07-08;0.0;5.12;0.26753756093556613;3.3025081457907097
2012-07-09;0.0;11.84;0.19737968772364095;2.4364729357682307
2012-07-10;0.0;13.24;0.12839141250536737;1.5848753504584374
2012-07-11;5.0;7.16;0.10092181987909712;1.2457881841832743
2012-07-12;0.0;8.64;0.0740775406658079;0.9144199439266502
2012-07-13;0.0;13.4;0.0531901083369116;0.6565835669722918
2012-07-14;0.0;10.8;0.04724635702137692;0.5832133565709379
2012-07-15;0.0;5.84;0.041545692202773356;0.5128438281427598
2012-07-16;0.0;8.04;0.03609793555774461;0.4455962213634413
2012-07-17;0.75;10.44;0.03091454570904162;0.3816119825212801
2012-07-18;0.09999999999999998;9.6;0.02482838008217355;0.3064837968225101
2012-07-19;0.0;10.92;0.020320230502723677;0.2508347856836149
2012-07-20;0.0;12.4;0.018354258227880078;0.2265666439342275
2012-07-21;0.0;14.36;0.01651678622245797;0.2038847212750373
2012-07-22;0.0;13.2;0.01564593089338486;0.193134803364401
2012-07-23;0.0;14.28;0.014804540594242797;0.18274860448081634
2012-07-24;0.0;15.4;0.013994252271139065;0.17274633123689728
2012-07-25;6.8;7.8;0.013213428977966372;0.1631077770200298
2012-07-26;5.0;8.12;0.012461252241671088;0.15382283852390696
2012-07-27;0.0;8.4;0.011737722062253203;0.14489151574852868
2012-07-28;0.0;9.04;0.011737722062253203;0.14489151574852868
2012-07-29;24.5;12.44;0.22309529259596036;2.7539087166275165
2012-07-30;0.0;10.32;0.24997558462360972;3.0857215023616478
2012-07-31;0.0;13.84;0.14719583091274954;1.8169988128615089
2012-08-01;0.0;20.36;0.28402651907420035;3.5060493546513096
2012-08-02;6.15;23.16;0.19605949068811934;2.4201763026950567
2012-08-03;0.0;23.96;0.11047585583423843;1.3637240787047562
2012-08-04;0.0;22.6;0.09718303497006894;1.1996362809729482
2012-08-05;0.0;15.2;0.08625641970397314;1.064757141774646
2012-08-06;0.0;12.68;0.07071443488840055;0.8729054583112322
2012-08-07;0.0;16.36;0.051681662499052816;0.6379631734485111
2012-08-08;0.0;21.32;0.041545692202773356;0.5128438281427598
2012-08-09;0.0;17.0;0.037435320527392596;0.4621050238690612
2012-08-10;0.0;17.52;0.0284263876259756;0.35089793134803365
2012-08-11;1.15;21.92;0.02252274149006929;0.27802278295572225
2012-08-12;0.0;21.96;0.018354258227880078;0.2265666439342275
2012-08-13;26.05;15.72;0.034776101576115784;0.429279381677654
2012-08-14;2.4;19.52;0.04015919884990697;0.4957288272587205
2012-08-15;0.0;23.44;0.03354620940084587;0.4140974800670186
2012-08-16;0.0;22.44;0.026933219951784774;0.33246613287531673
2012-08-17;0.0;24.2;0.020320230502723677;0.2508347856836149
2012-08-18;0.0;23.2;0.017419562000623036;0.21502866813164606
2012-08-19;1.15;19.72;0.01651678622245797;0.2038847212750373
2012-08-20;0.0;21.96;0.013994252271139065;0.17274633123689728
2012-08-21;0.15;19.56;0.011737722062253203;0.14489151574852868
2012-08-22;0.0;21.8;0.010374964427942378;0.1280695107473921
2012-08-23;0.0;23.84;0.00912024523671205;0.11258114217877804
2012-08-24;0.0;24.2;0.06740371138642622;0.8320375842994622
2012-08-25;0.0;14.04;0.08804723874533775;1.0868631759743377
2012-08-26;26.4;8.92;0.12031717583120742;1.4852062337399914
2012-08-27;14.25;12.0;0.13249523639631902;1.63553332828168
2012-08-28;9.05;13.16;0.13249523639631902;1.63553332828168
2012-08-29;0.15000000000000002;14.44;0.1243317861593123;1.5347629511757723
2012-08-30;0.0;15.36;0.10854180400848677;1.3398499659013412
2012-08-31;0.0;18.44;0.08625641970397314;1.064757141774646
2012-09-01;0.0;19.28;0.06094677746625917;0.7523326008436261
2012-09-02;0.0;20.68;0.04724635702137692;0.5832133565709379
2012-09-03;0.0;15.92;0.04015919884990697;0.4957288272587205
2012-09-04;0.0;18.24;0.03091454570904162;0.3816119825212801
2012-09-05;0.0;20.84;0.02482838008217355;0.3064837968225101
2012-09-06;0.0;19.36;0.018354258227880078;0.2265666439342275
2012-09-07;0.0;23.12;0.014804540594242797;0.18274860448081634
2012-09-08;10.4;18.8;0.011737722062253203;0.14489151574852868
2012-09-09;33.35;17.08;0.011737722062253203;0.14489151574852868
2012-09-10;26.7;15.08;0.40598637032406354;5.011532924149428
2012-09-11;24.8;17.04;0.8341795515394913;10.29718875502008
2012-09-12;0.0;17.92;0.3887927068862453;4.799292768558511
2012-09-13;0.8;16.28;0.24422171905651965;3.014695259023516
2012-09-14;1.5;20.2;0.18690896194842263;2.3072213381829205
2012-09-15;0.0;21.12;0.11832583089170098;1.4606248894950873
2012-09-16;0.65;22.24;0.1066192108054861;1.3161172993862242
2012-09-17;21.5;22.72;0.30398662143332245;3.7524386855598504
2012-09-18;21.0;18.84;0.9056977269665667;11.180015660124779
2012-09-19;108.35;14.8;1.696416359357766;20.940718850243737
2012-09-20;0.14999999999999858;13.8;0.7955639928687498;9.820514763456343
2012-09-21;0.0;14.32;0.3939220775134079;4.8626101891844105
2012-09-22;1.5;13.68;0.2258707347208541;2.788169028314516
2012-09-23;0.0;14.84;0.16786063857105568;2.072087090500366
2012-09-24;0.0;20.8;0.1346077153477642;1.6616099618600186
2012-09-25;0.0;11.24;0.10613385628467747;1.3101260387461795
2012-09-26;0.0;9.4;0.08672131239844073;1.0704958197570156
2012-09-27;0.0;13.8;0.07090432063684508;0.8752494253744538
2012-09-28;0.0;16.96;0.05820734815572563;0.7185168346341341
2012-09-29;0.0;16.24;0.049806540733163256;0.6148164986991993
2012-09-30;1.25;20.32;0.0404816772330412;0.4997095299436743
2012-10-01;12.6;19.0;0.1641431339614222;2.0261978732540222
2012-10-02;13.35;17.76;0.1843250425180807;2.2753252001717565
2012-10-03;20.35;21.12;0.8093380758884594;9.990543305296658
2012-10-04;0.0;21.56;0.6128587085238227;7.565184006466116
2012-10-05;0.0;22.24;0.29471086631641863;3.637937915182743
2012-10-06;0.0;23.96;0.21212366131191432;2.618473895582329
2012-10-07;0.0;22.64;0.17160842668367388;2.1183501300800684
2012-10-08;2.65;23.8;0.1296600457385096;1.6005354752342704
2012-10-09;8.25;20.04;0.11067638173238024;1.3661993887499684
2012-10-10;23.15;17.36;0.20537289556549046;2.535141825162284
2012-10-11;6.3000000000000025;15.72;0.27050779964722627;3.3391730443787737
2012-10-12;0.10000000000000007;17.6;0.24997558462360972;3.0857215023616478
2012-10-13;0.0;18.68;0.21212366131191432;2.618473895582329
2012-10-14;0.0;19.92;0.18175421865659705;2.243590715061504
2012-10-15;0.0;21.08;0.15923638800484963;1.965628551943624
2012-10-16;0.0;22.32;0.1176432243649651;1.4521987320350584
2012-10-17;0.0;19.56;0.09300391155818238;1.1480487989694623
2012-10-18;0.0;18.12;0.0786413464129053;0.9707559798944204
2012-10-19;0.0;20.2;0.07090432063684508;0.8752494253744538
2012-10-20;0.0;21.44;0.05309925782795754;0.6554620999722159
2012-10-21;10.0;22.72;0.05820734815572563;0.7185168346341341
2012-10-22;5.25;21.16;0.15801850010103308;1.950594832158824
2012-10-23;34.15;18.92;0.19605949068811934;2.4201763026950567
2012-10-24;0.0;18.84;0.17919730883702528;2.212027986158471
2012-10-25;1.5;19.28;0.13711142441884938;1.6925159758530977
2012-10-26;2.5;22.44;0.11297792795921632;1.3946098860852214
2012-10-27;4.25;23.96;0.09514012622818317;1.174418428430704
2012-10-28;1.2;22.16;0.0846694004529649;1.045166830845394
2012-10-29;0.0;21.16;0.07667455566500803;0.9464777348387259
2012-10-30;0.0;22.0;0.07090432063684508;0.8752494253744538
2012-10-31;0.0;19.88;0.07090432063684508;0.8752494253744538
2012-11-01;1.9;20.52;0.06351678285468919;0.7840569826475714
2012-11-02;0.0;20.64;0.051441849894336256;0.6350029047005633
2012-11-03;0.0;20.52;0.04197784597509535;0.5181783738728499
2012-11-04;0.0;21.44;0.03613558531821205;0.44606097345356266
2012-11-05;0.0;22.52;0.032003114870382994;0.3950493799095754
2012-11-06;0.0;23.92;0.026834457536645533;0.3312470005809401
2012-11-07;0.0;25.68;0.02206357810697717;0.2723548281175014
2012-11-08;0.0;26.36;0.020934085292953788;0.2584122654138567
2012-11-09;0.0;28.28;0.012842660684667391;0.1585309792629638
2012-11-10;0.0;25.8;0.011952162002306923;0.14753858200095982
2012-11-11;0.0;23.48;0.008671722003317252;0.10704453032254806
2012-11-12;0.4;19.2;0.007203381345086846;0.08891919880780985
2012-11-13;4.25;18.72;0.005937203531105556;0.07328938395089794
2012-11-14;0.15000000000000002;19.64;0.0054952280821398795;0.06783359854512389
2012-11-15;0.0;21.48;0.004300257423825281;0.053082771336920014
2012-11-16;0.0;23.32;0.003607010747392083;0.04452527089490035
2012-11-17;0.0;23.76;0.002991519011054701;0.03692758455204466
2012-11-18;0.0;25.44;0.0027107827536561333;0.033462150488747434
2012-11-19;8.85;23.84;0.06351678285468919;0.7840569826475714
2012-11-20;3.5000000000000004;24.36;0.04660631109343032;0.5753125710388725
2012-11-21;0.0;24.64;0.0404816772330412;0.4997095299436743
2012-11-22;0.0;25.72;0.032003114870382994;0.3950493799095754
2012-11-23;37.35;24.28;0.02206357810697717;0.2723548281175014
2012-11-24;8.65;22.12;0.028089995200929505;0.3467454724558612
2012-11-25;0.15000000000000036;20.48;0.032003114870382994;0.3950493799095754
2012-11-26;0.0;23.04;0.025604292537024405;0.3160617312015357
2012-11-27;0.0;23.36;0.01770111673107525;0.21850420550125035
2012-11-28;0.0;25.56;0.011952162002306923;0.14753858200095982
2012-11-29;0.0;23.32;0.008671722003317252;0.10704453032254806
2012-11-30;0.0;27.12;0.007203381345086846;0.08891919880780985
2012-12-01;0.0;23.96;0.007203381345086846;0.08891919880780985
2012-12-02;4.0;23.56;0.028089995200929505;0.3467454724558612
2012-12-03;0.0;27.12;0.032003114870382994;0.3950493799095754
2012-12-04;0.0;24.0;0.026834457536645533;0.3312470005809401
2012-12-05;13.95;27.28;0.024398681729012488;0.30117956101134097
2012-12-06;0.95;29.84;0.01770111673107525;0.21850420550125035
2012-12-07;0.0;25.68;0.014705505354752343;0.18152610441767067
2012-12-08;7.1000000000000005;23.24;0.013760168977797986;0.16985678563309844
2012-12-09;0.0;23.76;0.011952162002306923;0.14753858200095982
2012-12-10;0.0;28.88;0.008671722003317252;0.10704453032254806
2012-12-11;18.65;25.04;0.005937203531105556;0.07328938395089794
2012-12-12;0.0;21.68;0.010255467362110918;0.1265944280265717
2012-12-13;27.1;22.96;0.008671722003317252;0.10704453032254806
2012-12-14;2.0;23.72;0.005937203531105556;0.07328938395089794
2012-12-15;0.0;24.96;0.00507535140562249;0.06265060240963856
2012-12-16;0.0;25.44;0.004300257423825281;0.053082771336920014
2012-12-17;22.4;25.48;0.003289443202579711;0.040605188047788635
2012-12-18;23.5;26.36;0.05309925782795754;0.6554620999722159
2012-12-19;0.85;24.88;0.04819496729054583;0.594923088580738
2012-12-20;2.5;25.88;0.04819496729054583;0.594923088580738
2012-12-21;7.5;20.76;0.16910635455869596;2.0874643226996032
2012-12-22;13.45;22.88;0.1766543130593654;2.1806370134626563
2012-12-23;0.0;26.88;0.15801850010103308;1.950594832158824
2012-12-24;0.0;31.24;0.0786413464129053;0.9707559798944204
2012-12-25;0.0;33.32;0.06716635420087058;0.8291076254704354
2012-12-26;4.0;21.08;0.09088815871452266;1.1219317521658962
2012-12-27;34.35;17.44;0.1641431339614222;2.0261978732540222
2012-12-28;52.40000000000001;20.4;0.24709210405563556;3.0501275542421262
2012-12-29;0.04999999999999717;22.56;0.21758369505274766;2.6858730519562526
2012-12-30;0.0;26.4;0.17412441285056365;2.1494076936677526
2012-12-31;0.0;29.48;0.15923638800484963;1.965628551943624
2013-01-01;27.2;21.2;0.17538731677233038;2.1649970952994364
2013-01-02;0.0;18.76;0.1616828039621799;1.995827334495213
2013-01-03;0.0;21.56;0.13212446810302003;1.630956530524614
2013-01-04;0.0;25.64;0.1176432243649651;1.4521987320350584
2013-01-05;5.1;23.4;0.0972976211975786;1.201050743855927
2013-01-06;11.5;24.2;0.12000615607082417;1.4813669773433356
2013-01-07;17.4;24.24;0.0846694004529649;1.045166830845394
2013-01-08;16.65;25.32;0.20671600984651392;2.5517213508120533
2013-01-09;6.3000000000000025;25.04;0.1843250425180807;2.2753252001717565
2013-01-10;0.0;24.54;0.1272169036733938;1.5703771059079084
2013-01-11;0.0;21.8;0.19211772446178846;2.3715187795205983
2013-01-12;0.0;22.16;0.18175421865659705;2.243590715061504
2013-01-13;0.0;23.64;0.17286478282101153;2.133858705261297
2013-01-14;0.0;24.76;0.1616828039621799;1.995827334495213
2013-01-15;0.0;24.92;0.08879450464331122;1.096087494632619
2013-01-16;11.9;25.04;0.07667455566500803;0.9464777348387259
2013-01-17;0.0;24.16;0.06902428803263366;0.8520421307873001
2013-01-18;0.0;24.32;0.05820734815572563;0.7185168346341341
2013-01-19;0.0;23.28;0.051441849894336256;0.6350029047005633
2013-01-20;6.4;22.16;0.049806540733163256;0.6148164986991993
2013-01-21;0.0;22.56;0.04504057214181673;0.5559849460736025
2013-01-22;0.0;24.08;0.03613558531821205;0.44606097345356266
2013-01-23;0.0;25.72;0.03067473310432505;0.3786517137733323
2013-01-24;0.0;25.72;0.025604292537024405;0.3160617312015357
2013-01-25;15.45;23.76;0.3519597825263317;4.3446237781313926
2013-01-26;1.0499999999999998;19.08;0.30088297161391897;3.7141269480437473
2013-01-27;0.0;20.48;0.25287134228738856;3.121467000075775
2013-01-28;5.0;22.64;0.1804741268007039;2.2277891439973736
2013-01-29;0.0;25.08;0.07280645201350475;0.8987295092318961
2013-01-30;0.0;27.84;0.01667638846791779;0.2058548660049001
2013-01-31;0.0;28.8;0.009449271404275381;0.11664267131418755
2013-02-01;0.0;29.88;0.007922819159236528;0.09780000505165316
2013-02-02;0.0;24.8;0.005937203531105556;0.07328938395089794
2013-02-03;2.65;20.6;0.006514227033921852;0.08041221489732517
2013-02-04;7.1;20.32;0.006514227033921852;0.08041221489732517
2013-02-05;7.0;21.84;0.00507535140562249;0.06265060240963856
2013-02-06;0.0;23.64;0.051441849894336256;0.6350029047005633
2013-02-07;0.0;23.96;0.026834457536645533;0.3312470005809401
2013-02-08;0.0;23.6;0.015677032869423183;0.19351872900406655
2013-02-09;0.8;24.0;0.010255467362110918;0.1265944280265717
2013-02-10;16.05;23.88;0.007203381345086846;0.08891919880780985
2013-02-11;0.15000000000000036;24.08;0.005937203531105556;0.07328938395089794
2013-02-12;3.25;26.8;0.00507535140562249;0.06265060240963856
2013-02-13;0.6000000000000001;26.04;0.004300257423825281;0.053082771336920014
2013-02-14;0.0;25.52;0.008671722003317252;0.10704453032254806
2013-02-15;12.0;25.28;0.17035534443855083;2.1028819681240685
2013-02-16;3.1;25.8;0.09300391155818238;1.1480487989694623
2013-02-17;0.0;25.52;0.06902428803263366;0.8520421307873001
2013-02-18;22.9;23.8;0.05477958300708073;0.6762041878204642
2013-02-19;1.25;23.96;0.04197784597509535;0.5181783738728499
2013-02-20;0.0;24.36;0.029370087056822678;0.3625470435199919
2013-02-21;18.9;25.68;0.17160842668367388;2.1183501300800684
2013-02-22;0.14999999999999858;22.28;0.09514012622818317;1.174418428430704
2013-02-23;0.0;23.4;0.061724326867217294;0.7619307418352655
2013-02-24;0.0;26.16;0.049806540733163256;0.6148164986991993
2013-02-25;5.55;23.28;0.04197784597509535;0.5181783738728499
2013-02-26;3.9;19.08;0.03613558531821205;0.44606097345356266
2013-02-27;0.0;17.68;0.029370087056822678;0.3625470435199919
2013-02-28;0.0;19.44;0.02321844358566341;0.2866105933166629
2013-03-01;0.0;23.48;0.01983078361664688;0.24479300851203556
2013-03-02;0.0;27.08;0.018752854605002815;0.23148695410573106
2013-03-03;12.25;21.96;0.018752854605002815;0.23148695410573106
2013-03-04;7.55;20.4;0.03756054690459954;0.4636508297340306
2013-03-05;6.4;18.72;0.029370087056822678;0.3625470435199919
2013-03-06;3.6;19.16;0.02206357810697717;0.2723548281175014
2013-03-07;0.0;20.96;0.01770111673107525;0.21850420550125035
2013-03-08;0.0;21.88;0.012842660684667391;0.1585309792629638
2013-03-09;34.55;23.2;0.11297792795921632;1.3946098860852214
2013-03-10;3.6999999999999993;23.68;0.09300391155818238;1.1480487989694623
2013-03-11;0.0;24.6;0.07667455566500803;0.9464777348387259
2013-03-12;34.65;20.68;0.23851778034570148;2.9442853173701096
2013-03-13;27.3;19.56;0.34215529381677645;4.2235962718799716
2013-03-14;0.4500000000000007;19.08;0.2514218265093919;3.103574044606097
2013-03-15;2.95;18.32;0.2134839635270642;2.635265590664545
2013-03-16;0.25;18.04;0.17792376476556127;2.196307241544796
2013-03-17;0.35;16.84;0.15680388608943113;1.9356015255992527
2013-03-18;0.0;17.08;0.10389369553686445;1.282473289383951
2013-03-19;0.0;17.92;0.08672131239844073;1.0704958197570156
2013-03-20;23.0;19.68;0.1296600457385096;1.6005354752342704
2013-03-21;14.4;21.56;0.27050779964722627;3.3391730443787737
2013-03-22;0.0;20.64;0.23568504510705296;2.9093177742416207
2013-03-23;0.0;20.0;0.20537289556549046;2.535141825162284
2013-03-24;0.0;19.2;0.17792376476556127;2.196307241544796
2013-03-25;0.0;20.0;0.08263876880688373;1.0201005278977546
2013-03-26;0.0;20.88;0.06351678285468919;0.7840569826475714
2013-03-27;4.1;18.92;0.049806540733163256;0.6148164986991993
2013-03-28;0.0;20.2;0.04504057214181673;0.5559849460736025
2013-03-29;0.0;19.88;0.03613558531821205;0.44606097345356266
2013-03-30;0.0;22.64;0.03067473310432505;0.3786517137733323
2013-03-31;0.0;23.88;0.025604292537024405;0.3160617312015357
2013-04-01;0.0;20.64;0.02206357810697717;0.2723548281175014
2013-04-02;5.0;23.52;0.020934085292953788;0.2584122654138567
2013-04-03;0.10000000000000007;23.56;0.018752854605002815;0.23148695410573106
2013-04-04;5.85;20.84;0.026834457536645533;0.3312470005809401
2013-04-05;38.65000000000001;20.96;0.23710018501679675;2.9267863908464045
2013-04-06;2.0;21.12;0.16910635455869596;2.0874643226996032
2013-04-07;0.0;18.88;0.08879450464331122;1.096087494632619
2013-04-08;0.0;18.28;0.06716635420087058;0.8291076254704354
2013-04-09;0.0;19.16;0.05309925782795754;0.6554620999722159
2013-04-10;0.0;20.84;0.04197784597509535;0.5181783738728499
2013-04-11;24.25;22.12;0.0347335409773265;0.4287540097496906
2013-04-12;35.65;20.04;0.4738312386864019;5.849016190548358
2013-04-13;2.5499999999999985;14.52;0.418187348134677;5.162142911267712
2013-04-14;0.0;13.56;0.23568504510705296;2.9093177742416207
2013-04-15;0.0;19.0;0.18303840287775833;2.2594428026571687
2013-04-16;0.0;15.76;0.1296600457385096;1.6005354752342704
2013-04-17;0.0;14.8;0.09514012622818317;1.174418428430704
2013-04-18;0.0;15.08;0.06716635420087058;0.8291076254704354
2013-04-19;0.0;16.08;0.056482006958652214;0.6972190649390013
2013-04-20;0.0;17.2;0.04660631109343032;0.5753125710388725
2013-04-21;0.0;18.16;0.03756054690459954;0.4636508297340306
2013-04-22;0.0;18.56;0.03067473310432505;0.3786517137733323
2013-04-23;0.0;17.96;0.026834457536645533;0.3312470005809401
2013-04-24;0.0;18.32;0.02321844358566341;0.2866105933166629
2013-04-25;0.0;19.12;0.018752854605002815;0.23148695410573106
2013-04-26;0.0;18.56;0.013760168977797986;0.16985678563309844
2013-04-27;0.0;20.72;0.010255467362110918;0.1265944280265717
2013-04-28;0.0;23.04;0.005937203531105556;0.07328938395089794
2013-04-29;2.75;21.68;0.00507535140562249;0.06265060240963856
2013-04-30;2.1;21.8;0.004677573501553384;0.05774039554444192
2013-05-01;0.0;19.52;0.004677573501553384;0.05774039554444192
2013-05-02;0.0;21.24;0.004300257423825281;0.053082771336920014
2013-05-03;6.85;23.68;0.003607010747392083;0.04452527089490035
2013-05-04;7.5;17.4;0.003289443202579711;0.040605188047788635
2013-05-05;0.0;15.4;0.002991519011054701;0.03692758455204466
2013-05-06;0.0;13.92;0.002991519011054701;0.03692758455204466
2013-05-07;0.4;12.0;0.0024488713764912904;0.03022909247051098
2013-05-08;0.0;11.84;0.0022033294603992486;0.027198100578414285
2013-05-09;0.0;14.08;0.004300257423825281;0.053082771336920014
2013-05-10;0.0;16.16;0.007203381345086846;0.08891919880780985
2013-05-11;0.0;18.88;0.005937203531105556;0.07328938395089794
2013-05-12;0.0;18.4;0.0054952280821398795;0.06783359854512389
2013-05-13;0.0;18.28;0.00507535140562249;0.06265060240963856
2013-05-14;0.1;21.08;0.004300257423825281;0.053082771336920014
2013-05-15;7.4;17.08;0.003607010747392083;0.04452527089490035
2013-05-16;8.7;7.76;0.002991519011054701;0.03692758455204466
2013-05-17;0.0;8.04;0.0027107827536561333;0.033462150488747434
2013-05-18;0.0;11.0;0.0024488713764912904;0.03022909247051098
2013-05-19;0.2;14.04;0.0019749754784336507;0.024379278118764367
2013-05-20;36.05;15.84;0.0015657389516135825;0.019327624965269886
2013-05-21;0.20000000000000284;14.56;0.2189570928367558;2.70282639993938
2013-05-22;0.0;11.4;0.20269485173397994;2.5020838069258167
2013-05-23;0.0;13.36;0.18950679542067644;2.3392892324013035
2013-05-24;0.0;12.32;0.17919730883702528;2.212027986158471
2013-05-25;0.0;12.16;0.17160842668367388;2.1183501300800684
2013-05-26;0.0;13.72;0.16045754980088064;1.9807026849536509
2013-05-27;0.0;16.2;0.1176432243649651;1.4521987320350584
2013-05-28;0.0;18.96;0.07090432063684508;0.8752494253744538
2013-05-29;63.3;15.64;0.049806540733163256;0.6148164986991993
2013-05-30;23.0;11.44;0.3519597825263317;4.3446237781313926
2013-05-31;9.6;12.92;0.2543241319575998;3.1394003687706804
2013-06-01;7.4499999999999975;15.04;0.20269485173397994;2.5020838069258167
2013-06-02;5.65;14.76;0.1908106229951252;2.355383799348337
2013-06-03;0.0;12.28;0.18690896194842263;2.3072213381829205
2013-06-04;0.0;12.52;0.17919730883702528;2.212027986158471
2013-06-05;0.0;16.36;0.17035534443855083;2.1028819681240685
2013-06-06;0.0;13.16;0.16661819647562995;2.0567502715263566
2013-06-07;0.0;10.8;0.1616828039621799;1.995827334495213
2013-06-08;0.0;11.88;0.15680388608943113;1.9356015255992527
2013-06-09;0.25;14.4;0.1346077153477642;1.6616099618600186
2013-06-10;1.75;14.68;0.1247925864885117;1.5404511126266072
2013-06-11;0.0;14.48;0.11530075448544702;1.423283069384456
2013-06-12;0.0;14.48;0.10839447885883155;1.3380313707660831
2013-06-13;0.0;13.12;0.10389369553686445;1.282473289383951
2013-06-14;0.0;14.64;0.09514012622818317;1.174418428430704
2013-06-15;0.0;12.88;0.0846694004529649;1.045166830845394
2013-06-16;0.0;13.36;0.07472986368955907;0.9224722790533202
2013-06-17;0.35;14.48;0.21758369505274766;2.6858730519562526
2013-06-18;0.45;15.12;0.30088297161391897;3.7141269480437473
2013-06-19;5.2;13.32;0.32445090319348674;4.005051653153495
2013-06-20;1.75;12.04;0.35690172282421095;4.4056275416129935
2013-06-21;28.25;13.2;0.35360409489109473;4.364921320502134
2013-06-22;27.9;11.12;0.27498648419674504;3.3944583364906165
2013-06-23;0.0;10.32;0.23568504510705296;2.9093177742416207
2013-06-24;1.7;12.8;0.20537289556549046;2.535141825162284
2013-06-25;2.7;13.04;0.17792376476556127;2.196307241544796
2013-06-26;2.8;11.28;0.16537902827241885;2.041453865777576
2013-06-27;0.0;10.6;0.10613385628467747;1.3101260387461795
2013-06-28;0.0;15.48;0.1804741268007039;2.2277891439973736
2013-06-29;50.4;14.32;0.6169093316662877;7.6151852693794035
2013-06-30;0.0;9.92;0.466505086383269;5.758581495794499
2013-07-01;0.0;8.4;0.2764859268310138;3.4129675936450212
2013-07-02;0.0;8.64;0.20537289556549046;2.535141825162284
2013-07-03;0.0;14.0;0.1843250425180807;2.2753252001717565
2013-07-04;0.0;18.48;0.13711142441884938;1.6925159758530977
2013-07-05;1.85;23.08;0.09300391155818238;1.1480487989694623
2013-07-06;0.0;23.52;0.07090432063684508;0.8752494253744538
2013-07-07;32.25;14.64;0.31494352020240296;3.8876916470915113
2013-07-08;0.0;11.08;0.4447860854318743;5.490480159632241
2013-07-09;0.0;15.36;0.31652071777676744;3.9071607183450783
2013-07-10;0.0;20.04;0.2258707347208541;2.788169028314516
2013-07-11;0.0;20.04;0.17919730883702528;2.212027986158471
2013-07-12;0.0;18.56;0.1616828039621799;1.995827334495213
2013-07-13;27.4;17.56;0.1346077153477642;1.6616099618600186
2013-07-14;6.500000000000003;16.72;0.11067638173238024;1.3661993887499684
2013-07-15;15.85;10.4;0.35360409489109473;4.364921320502134
2013-07-16;0.0;11.28;0.2825123439249661;3.48735823798338
2013-07-17;0.0;15.96;0.22865845394155235;2.82258088959612
2013-07-18;0.0;14.68;0.22726295738509594;2.805354752342704
2013-07-19;9.15;7.08;0.20537289556549046;2.535141825162284
2013-07-20;0.0;8.72;0.16786063857105568;2.072087090500366
2013-07-21;6.05;7.08;0.1766543130593654;2.1806370134626563
2013-07-22;0.0;6.36;0.15801850010103308;1.950594832158824
2013-07-23;0.0;5.96;0.10839447885883155;1.3380313707660831
2013-07-24;0.0;4.8;0.08879450464331122;1.096087494632619
2013-07-25;0.0;5.84;0.07472986368955907;0.9224722790533202
2013-07-26;0.0;9.96;0.17919730883702528;2.212027986158471
2013-07-27;0.0;12.88;0.17412441285056365;2.1494076936677526
2013-07-28;0.0;12.84;0.16537902827241885;2.041453865777576
2013-07-29;0.0;13.48;0.1272169036733938;1.5703771059079084
2013-07-30;0.0;13.72;0.10613385628467747;1.3101260387461795
2013-07-31;0.0;17.68;0.0846694004529649;1.045166830845394
2013-08-01;0.0;23.36;0.17286478282101153;2.133858705261297
2013-08-02;0.15;17.0;0.16661819647562995;2.0567502715263566
2013-08-03;0.4;12.32;0.15923638800484963;1.965628551943624
2013-08-04;12.15;11.4;0.1346077153477642;1.6616099618600186
2013-08-05;10.0;12.4;0.1176432243649651;1.4521987320350584
2013-08-06;5.25;13.92;0.0846694004529649;1.045166830845394
2013-08-07;0.0;20.36;0.07090432063684508;0.8752494253744538
2013-08-08;0.0;17.96;0.1272169036733938;1.5703771059079084
2013-08-09;3.2;8.84;0.1843250425180807;2.2753252001717565
2013-08-10;7.5;7.56;0.21484753963442868;2.6520976989719887
2013-08-11;17.85;10.08;0.7430286629747501;9.17201384152964
2013-08-12;0.0;10.88;0.4811999515883239;5.939976257230178
2013-08-13;2.35;9.68;0.22171289160836216;2.7368442322750117
2013-08-14;4.35;6.52;0.18950679542067644;2.3392892324013035
2013-08-15;15.35;8.64;0.1804741268007039;2.2277891439973736
2013-08-16;0.0;10.4;0.17538731677233038;2.1649970952994364
2013-08-17;0.0;10.84;0.17035534443855083;2.1028819681240685
2013-08-18;0.0;12.96;0.1641431339614222;2.0261978732540222
2013-08-19;0.0;16.68;0.16910635455869596;2.0874643226996032
2013-08-20;0.0;18.68;0.1947417490717587;2.4039099795408045
2013-08-21;0.0;21.8;0.19211772446178846;2.3715187795205983
2013-08-22;0.0;16.32;0.18303840287775833;2.2594428026571687
2013-08-23;37.3;8.04;0.20136155912960016;2.4856255209517317
2013-08-24;31.55;8.04;0.5947524476311957;7.341678664342908
2013-08-25;51.05;8.0;1.7410886186254455;21.492157308479204
2013-08-26;47.75;5.96;1.2558896076970347;15.502816296633064
2013-08-27;4.35;8.16;0.9033568940331558;11.151120204086787
2013-08-28;0.0;10.44;0.501683058228722;6.192821600868884
2013-08-29;0.0;13.44;0.25287134228738856;3.121467000075775
2013-08-30;0.0;16.44;0.22309529259596036;2.7539087166275165
2013-08-31;0.0;19.8;0.19211772446178846;2.3715187795205983
2013-09-01;1.05;21.48;0.17160842668367388;2.1183501300800684
2013-09-02;13.3;18.6;0.16537902827241885;2.041453865777576
2013-09-03;4.05;14.68;0.15923638800484963;1.965628551943624
2013-09-04;0.0;10.88;0.1346077153477642;1.6616099618600186
2013-09-05;0.0;15.0;0.12000615607082417;1.4813669773433356
2013-09-06;0.0;21.0;0.10839447885883155;1.3380313707660831
2013-09-07;0.0;24.24;0.09300391155818238;1.1480487989694623
2013-09-08;12.0;21.76;0.07472986368955907;0.9224722790533202
2013-09-09;0.0;22.92;0.06351678285468919;0.7840569826475714
2013-09-10;0.0;25.4;0.04819496729054583;0.594923088580738
2013-09-11;0.0;26.28;0.03613558531821205;0.44606097345356266
2013-09-12;0.0;27.6;0.028089995200929505;0.3467454724558612
2013-09-13;0.0;26.32;0.02321844358566341;0.2866105933166629
2013-09-14;0.0;21.36;0.01983078361664688;0.24479300851203556
2013-09-15;0.1;17.16;0.014705505354752343;0.18152610441767067
2013-09-16;25.9;14.56;0.13711142441884938;1.6925159758530977
2013-09-17;12.0;10.2;0.08879450464331122;1.096087494632619
2013-09-18;0.0;9.92;0.05995478812524732;0.7400873935995554
2013-09-19;0.0;11.62;0.05309925782795754;0.6554620999722159
2013-09-20;0.0;13.96;0.04819496729054583;0.594923088580738
2013-09-21;51.05;15.6;0.3735592864118951;4.611250031572834
2013-09-22;4.650000000000002;14.16;0.4998071179897789;6.1696648228132664
2013-09-23;7.85;11.04;0.39220901341213915;4.8414639690838825
2013-09-24;8.15;9.8;0.46468070994670496;5.736061226036219
2013-09-25;3.8;11.4;0.35360409489109473;4.364921320502134
2013-09-26;0.0;13.08;0.2645795993197107;3.265994796797252
2013-09-27;0.0;16.16;0.230058042863277;2.8398575433810715
2013-09-28;6.6;15.38;0.20269485173397994;2.5020838069258167
2013-09-29;0.5499999999999998;17.32;0.16537902827241885;2.041453865777576
2013-09-30;0.0;14.36;0.12238954960302424;1.5107878053092874
2013-10-01;0.0;15.6;0.09947557799331497;1.2279356419388243
2013-10-02;0.0;16.12;0.09300391155818238;1.1480487989694623
2013-10-03;0.0;16.8;0.0806294174601972;0.9952969109140968
2013-10-04;0.0;18.32;0.07667455566500803;0.9464777348387259
2013-10-05;0.0;15.24;0.0786413464129053;0.9707559798944204
2013-10-06;0.0;15.76;0.061724326867217294;0.7619307418352655
2013-10-07;0.0;16.96;0.05477958300708073;0.6762041878204642
2013-10-08;0.0;18.08;0.051441849894336256;0.6350029047005633
2013-10-09;0.0;21.12;0.04819496729054583;0.594923088580738
2013-10-10;0.0;20.96;0.04504057214181673;0.5559849460736025
2013-10-11;0.0;22.16;0.0404816772330412;0.4997095299436743
2013-10-12;0.0;21.08;0.03756054690459954;0.4636508297340306
2013-10-13;22.45000000000001;21.28;0.03067473310432505;0.3786517137733323
2013-10-14;0.0;21.32;0.026834457536645533;0.3312470005809401
2013-10-15;0.0;19.96;0.032003114870382994;0.3950493799095754
2013-10-16;0.0;18.8;0.06716635420087058;0.8291076254704354
2013-10-17;69.05;20.24;0.2977907804172665;3.6759566568159423
2013-10-18;0.14999999999999858;20.52;0.6788693787729534;8.380025763431082
2013-10-19;0.0;20.72;0.5455368444427605;6.734156752797352
2013-10-20;0.0;23.8;0.4574085768651125;5.646293349498624
2013-10-21;49.65;20.92;0.40425448134256103;4.99015432800384
2013-10-22;8.95;19.76;0.6455468853401025;7.968689853754642
2013-10-23;18.5;23.12;0.7278639942369057;8.98481978227375
2013-10-24;11.15;19.56;0.635263589894168;7.841751913313633
2013-10-25;7.45;17.96;0.43052337399914126;5.314419943926651
2013-10-26;0.0;20.44;0.34378241824741307;4.243681644818266
2013-10-27;27.8;20.0;0.7149591296001616;8.825520951731454
2013-10-28;0.0;15.92;0.37861172057201553;4.6736177414058755
2013-10-29;0.0;19.04;0.2328654054372627;2.874511884014044
2013-10-30;0.0;21.0;0.18175421865659705;2.243590715061504
2013-10-31;0.0;22.44;0.13212446810302003;1.630956530524614
2013-11-01;0.0;24.8;0.10613385628467747;1.3101260387461795
2013-11-02;0.0;25.48;0.0806294174601972;0.9952969109140968
2013-11-03;1.4;19.52;0.06351678285468919;0.7840569826475714
2013-11-04;0.0;18.68;0.049806540733163256;0.6148164986991993
2013-11-05;0.0;18.76;0.03756054690459954;0.4636508297340306
2013-11-06;0.0;20.92;0.03067473310432505;0.3786517137733323
2013-11-07;0.0;22.28;0.026834457536645533;0.3312470005809401
2013-11-08;0.0;25.84;0.02321844358566341;0.2866105933166629
2013-11-09;0.0;21.56;0.018752854605002815;0.23148695410573106
2013-11-10;19.35;21.44;0.029370087056822678;0.3625470435199919
2013-11-11;63.65;20.96;0.7321847134870721;9.038155136268346
2013-11-12;72.5;20.64;1.6021037093868138;19.776514864489407
2013-11-13;0.0;22.6;0.635263589894168;7.841751913313633
2013-11-14;0.0;23.68;0.2977907804172665;3.6759566568159423
2013-11-15;13.85;24.32;0.1804741268007039;2.2277891439973736
2013-11-16;15.5;19.36;0.30088297161391897;3.7141269480437473
2013-11-17;0.0;20.32;0.2342731790895237;2.8918895708620647
2013-11-18;0.0;25.36;0.19737968772364095;2.4364729357682307
2013-11-19;0.0;22.96;0.13711142441884938;1.6925159758530977
2013-11-20;31.15;23.52;0.4007988881100924;4.947498168775732
2013-11-21;13.1;24.0;0.7759173656891721;9.577994998863382
2013-11-22;11.25;20.84;0.8593066742862433;10.60736025864464
2013-11-23;0.0;21.96;0.37692484760846307;4.6527948271071695
2013-11-24;0.0;24.76;0.2885870509290832;3.562344977393852
2013-11-25;0.0;26.56;0.23851778034570148;2.9442853173701096
2013-11-26;4.55;26.64;0.19870397712443066;2.4528200853729385
2013-11-27;3.15;26.24;0.16045754980088064;1.9807026849536509
2013-11-28;0.4000000000000001;21.2;0.09514012622818317;1.174418428430704
2013-11-29;0.0;22.04;0.07090432063684508;0.8752494253744538
2013-11-30;0.0;22.44;0.05995478812524732;0.7400873935995554
2013-12-01;0.0;23.04;0.051441849894336256;0.6350029047005633
2013-12-02;12.95;25.16;0.043497750435705085;0.5369402136849284
2013-12-03;0.10000000000000007;24.96;0.03613558531821205;0.44606097345356266
2013-12-04;0.0;25.96;0.032003114870382994;0.3950493799095754
2013-12-05;5.25;22.92;0.3602099909070243;4.446465105705842
2013-12-06;39.1;20.48;0.313369596520253;3.868262989063172
2013-12-07;0.0;22.72;0.20269485173397994;2.5020838069258167
2013-12-08;0.0;25.72;0.11067638173238024;1.3661993887499684
2013-12-09;0.0;24.08;0.0846694004529649;1.045166830845394
2013-12-10;19.95;21.48;0.1641431339614222;2.0261978732540222
2013-12-11;0.9500000000000002;20.76;0.08879450464331122;1.096087494632619
2013-12-12;0.0;22.56;0.07280645201350475;0.8987295092318961
2013-12-13;0.0;23.6;0.06533051914155574;0.806445909423859
2013-12-14;1.5;25.16;0.061724326867217294;0.7619307418352655
2013-12-15;3.75;26.56;0.056482006958652214;0.6972190649390013
2013-12-16;0.0;25.2;0.04819496729054583;0.594923088580738
2013-12-17;0.0;25.88;0.04504057214181673;0.5559849460736025
2013-12-18;0.0;26.32;0.039009244209542576;0.4815336818974009
2013-12-19;0.0;26.36;0.0347335409773265;0.4287540097496906
2013-12-20;0.0;26.24;0.032003114870382994;0.3950493799095754
2013-12-21;0.0;26.16;0.026834457536645533;0.3312470005809401
2013-12-22;0.0;25.48;0.024398681729012488;0.30117956101134097
2013-12-23;1.75;24.64;0.02206357810697717;0.2723548281175014
2013-12-24;0.35;26.44;0.01983078361664688;0.24479300851203556
2013-12-25;0.0;27.68;0.014705505354752343;0.18152610441767067
2013-12-26;0.0;30.24;0.039009244209542576;0.4815336818974009
2013-12-27;0.0;27.68;0.03335686930110379;0.4117602485413352
2013-12-28;2.7;28.8;0.028089995200929505;0.3467454724558612
2013-12-29;0.2999999999999998;29.96;0.024398681729012488;0.30117956101134097
2013-12-30;24.9;29.6;0.02206357810697717;0.2723548281175014
2013-12-31;8.05;27.6;0.01983078361664688;0.24479300851203556
