Date;Prec;Temp;Flow;Q
2011-01-01;0.0;24.94;2.4827;0.2508347856836149
2011-01-02;15.7;23.44;2.3606;0.23849864868278145
2011-01-03;8.15;24.04;2.018;0.2038847212750373
2011-01-04;0.0;25.64;1.5225;0.15382283852390696
2011-01-05;0.0;26.8;1.2676;0.1280695107473921
2011-01-06;27.95;27.12;10.3215;1.0428127604758657
2011-01-07;8.95;27.64;8.6398;0.8729054583112322
2011-01-08;0.0;26.76;7.8375;0.7918466318102599
2011-01-09;4.9;27.28;7.0621;0.7135055947058675
2011-01-10;3.3;25.84;6.6847;0.6753757167032913
2011-01-11;1.25;25.2;6.3144;0.6379631734485111
2011-01-12;3.5;23.88;5.5956;0.5653406077138744
2011-01-13;13.9;24.2;4.9066;0.4957288272587205
2011-01-14;1.05;25.84;4.2489;0.429279381677654
2011-01-15;9.4;26.28;3.624;0.36614382056528
2011-01-16;0.0;28.96;3.0335;0.3064837968225101
2011-01-17;2.5;25.36;2.4827;0.2508347856836149
2011-01-18;26.35;24.6;13.9746;1.4118966431764794
2011-01-19;0.0;26.08;9.0507;0.9144199439266502
2011-01-20;2.6;24.64;5.0760000000000005;0.5128438281427598
2011-01-21;0.0;25.64;3.3243;0.3358642115632341
2011-01-22;2.9;25.84;2.4827;0.2508347856836149
2011-01-23;0.0;26.04;2.3606;0.23849864868278145
2011-01-24;0.0;26.76;2.1283;0.21502866813164606
2011-01-25;6.5;28.2;2.1283;0.21502866813164606
2011-01-26;4.4;26.24;5.7725;0.5832133565709379
2011-01-27;4.85;26.48;5.5956;0.5653406077138744
2011-01-28;2.4000000000000004;27.24;5.0760000000000005;0.5128438281427598
2011-01-29;7.7;27.28;4.5738;0.4621050238690612
2011-01-30;9.25;26.24;3.9323;0.39729231390972697
2011-01-31;0.0;27.28;3.9323;0.39729231390972697
2011-02-01;28.9;24.96;18.5089;1.8700108610542805
2011-02-02;0.0;23.18;11.4228;1.1540804728347354
2011-02-03;0.0;25.46;6.6847;0.6753757167032913
2011-02-04;0.25;27.28;5.2473;0.5301507918466318
2011-02-05;4.85;26.48;4.5738;0.4621050238690612
2011-02-06;0.049999999999999815;26.0;3.9323;0.39729231390972697
2011-02-07;1.6;25.36;3.9323;0.39729231390972697
2011-02-08;17.05;26.6;3.624;0.36614382056528
2011-02-09;4.45;26.0;3.3243;0.3358642115632341
2011-02-10;1.95;23.84;15.4381;1.5597585309792632
2011-02-11;4.55;24.0;19.5737;1.9775908666110984
2011-02-12;17.85;22.12;32.326;3.265994796797252
2011-02-13;47.45;23.72;49.8149;5.032951933520245
2011-02-14;0.0;23.56;31.4291;3.175378242529868
2011-02-15;0.0;21.62;19.5737;1.9775908666110984
2011-02-16;0.0;24.1;18.5089;1.8700108610542805
2011-02-17;0.0;25.8;16.95;1.7125104190346292
2011-02-18;0.0;25.96;14.9448;1.5099189209668864
2011-02-19;0.0;26.36;13.2615;1.3398499659013412
2011-02-20;21.05;26.12;10.7575;1.0868631759743377
2011-02-21;0.0;24.48;9.0507;0.9144199439266502
2011-02-22;6.25;23.88;7.4464;0.7523326008436261
2011-02-23;10.8;22.6;6.3144;0.6379631734485111
2011-02-24;16.200000000000006;26.28;5.9513;0.6012780682478341
2011-02-25;1.75;25.32;4.9066;0.4957288272587205
2011-02-26;8.299999999999999;23.4;4.2489;0.429279381677654
2011-02-27;7.55;22.96;3.3243;0.3358642115632341
2011-02-28;0.0;21.66;2.3606;0.23849864868278145
2011-03-01;0.0;21.78;1.6144;0.1631077770200298
2011-03-02;0.0;21.82;1.2676;0.1280695107473921
2011-03-03;0.0;22.54;0.9737;0.09837589351115153
2011-03-04;0.0;22.74;0.6227;0.06291328837362027
2011-03-05;0.0;23.04;0.4425;0.044707130408426166
2011-03-06;0.0;22.96;0.2704;0.02731934025409815
2011-03-07;0.0;23.2;0.2163;0.021853451542017125
2011-03-08;0.0;24.12;0.1921;0.0194084514157258
2011-03-09;0.0;24.36;0.1493;0.015084236316334518
2011-03-10;13.05;24.08;1.4341;0.14489151574852868
2011-03-11;25.2;23.56;16.4407;1.6610542800131345
2011-03-12;0.4500000000000002;25.44;10.9777;1.1091106564623274
2011-03-13;0.0;23.52;8.4367;0.8523856432017379
2011-03-14;0.0;18.06;7.0621;0.7135055947058675
2011-03-15;0.0;18.74;6.3144;0.6379631734485111
2011-03-16;0.0;22.42;4.5738;0.4621050238690612
2011-03-17;1.5;23.88;3.0335;0.3064837968225101
2011-03-18;5.55;21.36;2.018;0.2038847212750373
2011-03-19;0.0;19.56;1.8088;0.18274860448081634
2011-03-20;0.0;20.12;1.6144;0.1631077770200298
2011-03-21;0.0;22.54;1.3492;0.1363138086938951
2011-03-22;0.0;26.08;0.9737;0.09837589351115153
2011-03-23;0.0;26.96;0.6742;0.0681164911217196
2011-03-24;4.5;23.72;0.5276;0.05330504407567376
2011-03-25;9.55;22.12;0.4036;0.04077694425500745
2011-03-26;25.65;22.04;33.0503;3.3391730443787737
2011-03-27;18.35;20.08;36.0074;3.637937915182743
2011-03-28;63.4;19.32;100.259;10.129473870324064
2011-03-29;14.95;19.98;94.8387;9.58184435856634
2011-03-30;0.0;22.28;45.4359;4.590528150337197
2011-03-31;0.0;22.52;28.9686;2.9267863908464045
2011-04-01;0.0;22.12;19.5737;1.9775908666110984
2011-04-02;0.0;21.54;14.4569;1.4606248894950873
2011-04-03;0.0;20.94;9.2585;0.935414614432573
2011-04-04;0.0;20.78;7.8375;0.7918466318102599
2011-04-05;1.4;18.46;6.3144;0.6379631734485111
2011-04-06;0.0;18.16;35.4457;3.5811876436563868
2011-04-07;0.0;18.58;10.5387;1.064757141774646
2011-04-08;0.0;21.44;7.8375;0.7918466318102599
2011-04-09;13.15;19.3;6.3144;0.6379631734485111
2011-04-10;0.0;20.5;4.4104;0.4455962213634413
2011-04-11;0.0;20.34;3.1778;0.32106286782349525
2011-04-12;0.0;20.98;1.9116;0.193134803364401
2011-04-13;4.9;23.54;1.1893;0.12015862190901973
2011-04-14;62.25;20.4;71.691;7.243161324543457
2011-04-15;75.44999999999997;20.8;185.201;18.711424313606628
2011-04-16;1.300000000000003;18.04;68.7953;6.950599883811978
2011-04-17;7.25;21.4;36.7615;3.7141269480437473
2011-04-18;2.75;18.36;33.2324;3.3575711651637996
2011-04-19;0.0;17.08;29.8387;3.014695259023516
2011-04-20;0.0;20.78;25.0922;2.535141825162284
2011-04-21;3.4;20.26;17.9842;1.8169988128615089
2011-04-22;0.0;21.38;12.7932;1.292536182465712
2011-04-23;15.95;18.04;153.44299999999996;15.502816296633064
2011-04-24;0.0;13.38;78.1173;7.892430097749489
2011-04-25;0.0;14.08;41.4076;4.183536662372762
2011-04-26;0.0;15.38;33.0503;3.3391730443787737
2011-04-27;0.0;18.18;27.4269;2.7710237175115555
2011-04-28;0.0;20.1;29.1418;2.9442853173701096
2011-04-29;0.0;19.6;28.9686;2.9267863908464045
2011-04-30;0.0;18.56;25.5859;2.5850218483998892
2011-05-01;1.3;16.24;23.1537;2.3392892324013035
2011-05-02;0.55;13.46;16.95;1.7125104190346292
2011-05-03;2.4;12.34;12.3305;1.2457881841832743
2011-05-04;0.0;13.84;9.2585;0.935414614432573
2011-05-05;0.0;15.78;7.6411;0.7720037382233336
2011-05-06;0.0;16.48;6.3144;0.6379631734485111
2011-05-07;0.0;15.34;4.5738;0.4621050238690612
2011-05-08;0.0;16.82;3.624;0.36614382056528
2011-05-09;0.25;15.62;3.1778;0.32106286782349525
2011-05-10;0.0;16.3;2.7518;0.27802278295572225
2011-05-11;7.15;18.78;2.4827;0.2508347856836149
2011-05-12;1.2500000000000004;17.88;2.2425;0.2265666439342275
2011-05-13;0.0;16.42;2.018;0.2038847212750373
2011-05-14;0.0;15.02;1.8088;0.18274860448081634
2011-05-15;1.75;15.54;1.6144;0.1631077770200298
2011-05-16;2.35;13.66;1.4341;0.14489151574852868
2011-05-17;0.0;13.2;2.4827;0.2508347856836149
2011-05-18;0.0;14.9;2.2425;0.2265666439342275
2011-05-19;0.0;14.7;2.018;0.2038847212750373
2011-05-20;0.0;16.98;2.018;0.2038847212750373
2011-05-21;0.0;17.18;1.9116;0.193134803364401
2011-05-22;0.0;21.86;1.6144;0.1631077770200298
2011-05-23;19.85;19.12;6.1320000000000014;0.6195347427445633
2011-05-24;1.0;17.34;4.9066;0.4957288272587205
2011-05-25;0.0;20.2;4.0896;0.4131848147306206
2011-05-26;0.0;14.72;3.624;0.36614382056528
2011-05-27;0.0;13.44;3.3243;0.3358642115632341
2011-05-28;0.0;11.36;3.0335;0.3064837968225101
2011-05-29;0.0;10.62;2.7518;0.27802278295572225
2011-05-30;0.0;11.18;2.4827;0.2508347856836149
2011-05-31;0.2;13.94;2.2425;0.2265666439342275
2011-06-01;0.0;11.56;2.1283;0.21502866813164606
2011-06-02;0.0;11.7;1.9116;0.193134803364401
2011-06-03;0.0;15.02;1.6144;0.1631077770200298
2011-06-04;0.0;6.46;1.2676;0.1280695107473921
2011-06-05;0.0;6.36;1.1143;0.11258114217877804
2011-06-06;0.0;14.26;0.8452;0.08539314490667071
2011-06-07;7.75;12.92;18.7732;1.896713899623652
2011-06-08;37.35;11.7;27.0886;2.7368442322750117
2011-06-09;0.0;10.1;12.7932;1.292536182465712
2011-06-10;0.0;11.42;7.6411;0.7720037382233336
2011-06-11;0.0;11.66;6.4987;0.6565835669722918
2011-06-12;0.0;15.3;5.4205;0.5476497183703367
2011-06-13;0.0;13.12;4.5738;0.4621050238690612
2011-06-14;0.0;11.64;3.7771;0.3816119825212801
2011-06-15;0.0;16.94;3.3243;0.3358642115632341
2011-06-16;0.0;21.1;3.0335;0.3064837968225101
2011-06-17;0.0;16.96;4.4104;0.4455962213634413
2011-06-18;29.6;17.56;10.3215;1.0428127604758657
2011-06-19;0.0;21.62;9.679;0.9778990174534616
2011-06-20;0.0;20.12;8.8444;0.8935768230153318
2011-06-21;23.35;16.52;50.4527;5.09739082114622
2011-06-22;10.3;16.42;41.6057;4.203551312166906
2011-06-23;16.95;16.88;37.5213;3.7908918693642484
2011-06-24;5.15;11.04;54.5627;5.5126367103634655
2011-06-25;7.15;11.74;48.7586;4.926230708999519
2011-06-26;0.15000000000000036;8.6;41.8041;4.2235962718799716
2011-06-27;0.85;6.78;30.8955;3.121467000075775
2011-06-28;0.0;7.54;23.9543;2.4201763026950567
2011-06-29;0.0;10.32;15.9367;1.61013361622591
2011-06-30;0.0;11.4;13.0266;1.3161172993862242
2011-07-01;5.6;9.56;12.1014;1.2226415094339622
2011-07-02;7.85;6.8;13.9746;1.4118966431764794
2011-07-03;0.6000000000000001;5.6;13.4978;1.3637240787047562
2011-07-04;0.0;3.48;10.1058;1.0210199287716906
2011-07-05;0.0;4.16;8.6398;0.8729054583112322
2011-07-06;0.0;5.32;7.6411;0.7720037382233336
2011-07-07;0.0;5.36;6.8725;0.6943497259478164
2011-07-08;0.0;7.4;5.2473;0.5301507918466318
2011-07-09;0.0;10.88;4.9066;0.4957288272587205
2011-07-10;0.0;11.48;4.7392;0.478815892500821
2011-07-11;0.5;13.08;4.0896;0.4131848147306206
2011-07-12;0.0;16.48;3.9323;0.39729231390972697
2011-07-13;12.3;17.24;4.4104;0.4455962213634413
2011-07-14;18.450000000000006;14.96;22.9948;2.323235078679498
2011-07-15;25.9;22.84;51.7376;5.227208203884722
2011-07-16;0.0;19.96;34.1481;3.4500871410168976
2011-07-17;1.75;14.04;25.7513;2.6017327170316484
2011-07-18;2.95;14.16;23.7933;2.4039099795408045
2011-07-19;1.2000000000000002;15.72;23.1537;2.3392892324013035
2011-07-20;12.15;12.6;26.92;2.7198100578414293
2011-07-21;82.3;10.32;207.266;20.940718850243737
2011-07-22;0.0;10.8;88.4027;8.931595564648532
2011-07-23;0.15;12.24;42.0029;4.243681644818266
2011-07-24;0.0;14.92;30.5417;3.0857215023616478
2011-07-25;0.0;21.56;24.9284;2.5185926094314364
2011-07-26;0.0;14.48;23.6328;2.387694172918088
2011-07-27;7.0;13.88;25.7513;2.6017327170316484
2011-07-28;42.7;17.04;86.5684;8.746270617059432
2011-07-29;15.15;15.72;100.535;10.157358995731354
2011-07-30;35.65;12.44;190.446;19.2413427294082
2011-07-31;7.35;9.32;75.8694;7.665317875274682
2011-08-01;2.5;12.4;45.64100000000001;4.611250031572834
2011-08-02;24.85;8.8;67.602;6.830037129650679
2011-08-03;8.3;10.76;59.0183;5.9627996261776675
2011-08-04;0.7;7.84;46.6716;4.7153747063726605
2011-08-05;0.0;9.08;35.4457;3.5811876436563868
2011-08-06;0.0;12.76;26.7519;2.70282639993938
2011-08-07;1.8;16.6;18.5089;1.8700108610542805
2011-08-08;40.8;19.04;83.7153;8.458013184814732
2011-08-09;94.2;16.76;208.043;21.01922154024905
2011-08-10;3.5;16.48;124.513;12.579929782021164
2011-08-11;0.0;19.48;55.0024;5.557060948195296
2011-08-12;0.0;24.92;49.1801;4.968816145083479
2011-08-13;0.0;19.68;39.0586;3.946209997221591
2011-08-14;10.8;13.12;29.4895;2.97941451339951
2011-08-15;7.75;18.72;27.4269;2.7710237175115555
2011-08-16;0.0;24.4;24.1156;2.4364729357682307
2011-08-17;0.0;16.76;17.9842;1.8169988128615089
2011-08-18;0.0;14.64;13.9746;1.4118966431764794
2011-08-19;10.55;13.64;12.5611;1.2690864085271905
2011-08-20;2.2;7.52;11.4228;1.1540804728347354
2011-08-21;0.0;5.68;10.9777;1.1091106564623274
2011-08-22;0.0;6.96;10.5387;1.064757141774646
2011-08-23;3.9;10.72;10.3215;1.0428127604758657
2011-08-24;0.8500000000000001;15.4;10.1058;1.0210199287716906
2011-08-25;4.9;15.32;9.679;0.9778990174534616
2011-08-26;2.15;11.84;9.468;0.956581041145715
2011-08-27;0.0;16.68;9.0507;0.9144199439266502
2011-08-28;13.1;18.2;8.6398;0.8729054583112322
2011-08-29;18.85;13.6;62.2147;6.285741708974262
2011-08-30;14.15;13.88;70.7208;7.14513904675305
2011-08-31;0.15000000000000036;10.56;42.0029;4.243681644818266
2011-09-01;0.0;9.44;30.7184;3.103574044606097
2011-09-02;0.0;11.28;23.9543;2.4201763026950567
2011-09-03;0.0;16.32;19.5737;1.9775908666110984
2011-09-04;0.0;26.64;17.4645;1.764491929984087
2011-09-05;13.35;14.88;25.917;2.618473895582329
2011-09-06;12.95;10.72;27.0886;2.7368442322750117
2011-09-07;0.0;13.92;23.4727;2.3715187795205983
2011-09-08;4.0;14.76;16.95;1.7125104190346292
2011-09-09;21.05;14.52;28.7957;2.9093177742416207
2011-09-10;0.09999999999999963;16.08;31.6077;3.1934227475941497
2011-09-11;0.0;12.6;26.2498;2.6520976989719887
2011-09-12;0.0;15.0;19.0388;1.9235482811750144
2011-09-13;0.0;15.6;14.4569;1.4606248894950873
2011-09-14;0.0;13.68;11.1995;1.1315197898512288
2011-09-15;0.0;16.72;8.8444;0.8935768230153318
2011-09-16;0.0;20.08;7.4464;0.7523326008436261
2011-09-17;0.0;20.56;6.8725;0.6943497259478164
2011-09-18;0.15;18.88;5.9513;0.6012780682478341
2011-09-19;0.4500000000000001;17.36;5.5956;0.5653406077138744
2011-09-20;38.0;15.04;16.1881;1.63553332828168
2011-09-21;0.15000000000000036;14.48;14.2151;1.436195094844788
2011-09-22;0.0;17.72;10.3215;1.0428127604758657
2011-09-23;0.2;15.72;9.0507;0.9144199439266502
2011-09-24;8.5;16.12;8.4367;0.8523856432017379
2011-09-25;0.0;18.08;7.6411;0.7720037382233336
2011-09-26;0.0;19.44;7.0621;0.7135055947058675
2011-09-27;0.0;18.6;6.1320000000000014;0.6195347427445633
2011-09-28;0.0;19.28;5.5956;0.5653406077138744
2011-09-29;0.0;24.56;5.2473;0.5301507918466318
2011-09-30;0.0;19.88;4.9066;0.4957288272587205
2011-10-01;47.9;18.32;26.92;2.7198100578414293
2011-10-02;2.45;18.84;32.6874;3.3025081457907097
2011-10-03;0.0;14.52;23.313;2.355383799348337
2011-10-04;0.0;15.12;15.1907;1.5347629511757723
2011-10-05;0.0;18.6;12.3305;1.2457881841832743
2011-10-06;0.0;20.8;9.468;0.956581041145715
2011-10-07;0.0;23.0;7.4464;0.7523326008436261
2011-10-08;13.35;19.88;7.4464;0.7523326008436261
2011-10-09;1.7;22.48;7.0621;0.7135055947058675
2011-10-10;1.6;18.64;6.8725;0.6943497259478164
2011-10-11;0.0;19.4;5.9513;0.6012780682478341
2011-10-12;0.0;18.12;5.5956;0.5653406077138744
2011-10-13;17.349999999999998;20.2;5.2473;0.5301507918466318
2011-10-14;1.0500000000000007;18.68;4.9066;0.4957288272587205
2011-10-15;0.0;18.44;4.5738;0.4621050238690612
2011-10-16;0.0;18.76;4.2489;0.429279381677654
2011-10-17;0.0;19.88;3.9323;0.39729231390972697
2011-10-18;0.0;18.84;6.8725;0.6943497259478164
2011-10-19;0.0;18.76;5.9513;0.6012780682478341
2011-10-20;0.0;18.4;4.5738;0.4621050238690612
2011-10-21;0.0;22.12;3.9323;0.39729231390972697
2011-10-22;0.0;24.84;3.1778;0.32106286782349525
2011-10-23;0.0;25.04;2.3606;0.23849864868278145
2011-10-24;2.15;19.0;1.8088;0.18274860448081634
2011-10-25;56.0;18.32;30.0139;3.03239625167336
2011-10-26;57.7;16.56;192.71;19.47008158419843
2011-10-27;0.15000000000000036;16.56;83.4577;8.431987067767928
2011-10-28;0.0;18.92;40.8155;4.12371498572908
2011-10-29;0.0;17.6;27.0886;2.7368442322750117
2011-10-30;0.6;17.48;19.0388;1.9235482811750144
2011-10-31;0.0;16.64;13.0266;1.3161172993862242
2011-11-01;0.0;17.44;10.5387;1.064757141774646
2011-11-02;0.0;19.56;9.8916;0.9993786466621202
2011-11-03;0.0;20.16;9.0507;0.9144199439266502
2011-11-04;0.0;23.2;7.6411;0.7720037382233336
2011-11-05;0.0;23.76;6.4987;0.6565835669722918
2011-11-06;1.15;25.52;5.2473;0.5301507918466318
2011-11-07;0.0;21.16;4.5738;0.4621050238690612
2011-11-08;0.0;23.48;3.9323;0.39729231390972697
2011-11-09;0.0;26.24;3.624;0.36614382056528
2011-11-10;2.1;21.88;3.3243;0.3358642115632341
2011-11-11;4.7;19.88;3.0335;0.3064837968225101
2011-11-12;0.0;19.96;2.7518;0.27802278295572225
2011-11-13;0.0;20.2;2.6089;0.263585158243035
2011-11-14;0.0;19.8;2.4827;0.2508347856836149
2011-11-15;0.0;19.52;2.2425;0.2265666439342275
2011-11-16;7.25;20.48;2.1283;0.21502866813164606
2011-11-17;0.0;21.48;2.018;0.2038847212750373
2011-11-18;0.0;22.48;1.8088;0.18274860448081634
2011-11-19;0.0;24.08;1.5225;0.15382283852390696
2011-11-20;0.0;23.4;1.2676;0.1280695107473921
2011-11-21;0.15;20.2;1.1143;0.11258114217877804
2011-11-22;18.05;21.76;1.8088;0.18274860448081634
2011-11-23;6.1;20.44;2.4827;0.2508347856836149
2011-11-24;0.0;21.08;2.3606;0.23849864868278145
2011-11-25;0.0;23.0;1.8088;0.18274860448081634
2011-11-26;0.0;24.56;1.3492;0.1363138086938951
2011-11-27;0.0;26.04;1.1893;0.12015862190901973
2011-11-28;0.0;28.08;1.1143;0.11258114217877804
2011-11-29;3.25;27.24;0.8452;0.08539314490667071
2011-11-30;0.0;24.0;0.8452;0.08539314490667071
2011-12-01;1.2;17.16;0.7284;0.0735924831401076
2011-12-02;0.0;20.32;0.6742;0.0681164911217196
2011-12-03;0.0;21.16;0.6227;0.06291328837362027
2011-12-04;0.5;24.6;0.6227;0.06291328837362027
2011-12-05;0.0;25.12;0.5738;0.05797277158950265
2011-12-06;0.0;24.68;0.5276;0.05330504407567376
2011-12-07;5.6;27.12;0.5276;0.05330504407567376
2011-12-08;0.0;24.48;0.5276;0.05330504407567376
2011-12-09;0.0;22.8;0.4838;0.0488797959132126
2011-12-10;0.0;22.52;0.4425;0.044707130408426166
2011-12-11;0.0;23.84;0.4425;0.044707130408426166
2011-12-12;3.5;26.56;0.4425;0.044707130408426166
2011-12-13;1.8;21.96;0.3670000000000001;0.03707913414664951
2011-12-14;1.15;19.76;0.7284;0.0735924831401076
2011-12-15;4.8;19.68;2.2425;0.2265666439342275
2011-12-16;3.0;21.92;1.8088;0.18274860448081634
2011-12-17;0.8;22.88;1.4341;0.14489151574852868
2011-12-18;0.55;23.96;1.2676;0.1280695107473921
2011-12-19;0.0;25.48;1.1893;0.12015862190901973
2011-12-20;0.0;28.76;1.0424;0.10531686494405296
2011-12-21;0.0;28.12;0.7854;0.07935136773509131
2011-12-22;0.0;28.44;0.4425;0.044707130408426166
2011-12-23;0.0;23.56;0.2423;0.024480311181834254
2011-12-24;1.5;18.52;0.1921;0.0194084514157258
2011-12-25;0.45;19.56;0.1698;0.01715541410926726
2011-12-26;0.0;24.0;0.1493;0.015084236316334518
2011-12-27;0.0;24.32;0.1493;0.015084236316334518
2011-12-28;0.0;23.8;0.1304;0.013174711424313605
2011-12-29;0.0;23.0;0.1132;0.011436942739511504
2011-12-30;0.0;23.52;0.0834;0.008426157460028795
2011-12-31;7.8;22.84;0.1304;0.013174711424313605
2012-01-01;1.7;22.76;0.3004;0.030350332146194838
2012-01-02;1.25;23.88;0.1921;0.0194084514157258
2012-01-03;0.0;26.12;0.1921;0.0194084514157258
2012-01-04;2.85;24.08;0.1493;0.015084236316334518
2012-01-05;0.0;23.4;0.1132;0.011436942739511504
2012-01-06;0.0;25.8;0.1132;0.011436942739511504
2012-01-07;0.0;25.8;0.0834;0.008426157460028795
2012-01-08;0.0;27.68;0.0593;0.005991260640044455
2012-01-09;12.8;29.6;0.0402;0.004061529135409563
2012-01-10;0.0;28.36;0.0325;0.003283574549771413
2012-01-11;0.0;27.96;14.9448;1.5099189209668864
2012-01-12;14.2;26.08;5.0760000000000005;0.5128438281427598
2012-01-13;26.65;20.8;3.3243;0.3358642115632341
2012-01-14;23.85;21.76;2.4827;0.2508347856836149
2012-01-15;8.25;23.04;1.8088;0.18274860448081634
2012-01-16;0.0;24.28;1.4341;0.14489151574852868
2012-01-17;0.0;24.44;1.2676;0.1280695107473921
2012-01-18;0.0;26.24;0.9737;0.09837589351115153
2012-01-19;0.0;26.72;0.7284;0.0735924831401076
2012-01-20;0.0;27.04;0.5276;0.05330504407567376
2012-01-21;35.6;26.08;5.5956;0.5653406077138744
2012-01-22;0.5;26.6;5.2473;0.5301507918466318
2012-01-23;10.5;28.92;2.018;0.2038847212750373
2012-01-24;6.7;27.0;1.5225;0.15382283852390696
2012-01-25;0.15;25.64;1.7098;0.17274633123689728
2012-01-26;8.0;22.32;0.9737;0.09837589351115153
2012-01-27;0.0;22.2;0.7284;0.0735924831401076
2012-01-28;0.0;24.44;0.6227;0.06291328837362027
2012-01-29;0.0;25.68;0.5276;0.05330504407567376
2012-01-30;0.0;26.96;0.3670000000000001;0.03707913414664951
2012-01-31;0.0;28.88;0.2423;0.024480311181834254
2012-02-01;0.0;28.12;0.2423;0.024480311181834254
2012-02-02;0.0;26.8;0.1921;0.0194084514157258
2012-02-03;4.0;25.8;2.2425;0.2265666439342275
2012-02-04;1.45;26.96;0.5738;0.05797277158950265
2012-02-05;0.0;27.6;0.3326;0.033603596777045296
2012-02-06;24.7;27.64;8.0356;0.8118612816044051
2012-02-07;9.5;25.44;5.5956;0.5653406077138744
2012-02-08;25.35;28.8;23.313;2.355383799348337
2012-02-09;1.0;25.96;10.5387;1.064757141774646
2012-02-10;2.45;23.2;4.2489;0.429279381677654
2012-02-11;0.0;21.36;2.2425;0.2265666439342275
2012-02-12;0.0;22.24;1.6144;0.1631077770200298
2012-02-13;0.0;25.0;1.1143;0.11258114217877804
2012-02-14;0.0;27.9;0.8452;0.08539314490667071
2012-02-15;0.0;28.52;0.7284;0.0735924831401076
2012-02-16;0.0;29.6;0.6227;0.06291328837362027
2012-02-17;0.0;28.32;0.5276;0.05330504407567376
2012-02-18;0.0;27.92;2.4827;0.2508347856836149
2012-02-19;13.5;30.4;1.2676;0.1280695107473921
2012-02-20;6.7;27.52;0.7854;0.07935136773509131
2012-02-21;0.0;25.36;1.1143;0.11258114217877804
2012-02-22;25.7;24.56;1.1143;0.11258114217877804
2012-02-23;0.0;25.08;6.4987;0.6565835669722918
2012-02-24;0.0;24.88;3.624;0.36614382056528
2012-02-25;0.0;22.92;4.2489;0.429279381677654
2012-02-26;9.95;25.56;3.9323;0.39729231390972697
2012-02-27;8.2;23.2;2.4827;0.2508347856836149
2012-02-28;0.0;26.92;1.9116;0.193134803364401
2012-02-29;28.3;25.12;1.4341;0.14489151574852868
2012-03-01;12.25;22.44;8.0356;0.8118612816044051
2012-03-02;3.0000000000000013;21.68;5.9513;0.6012780682478341
2012-03-03;0.0;22.48;3.624;0.36614382056528
2012-03-04;0.0;24.52;2.7518;0.27802278295572225
2012-03-05;0.0;28.68;2.018;0.2038847212750373
2012-03-06;0.0;29.2;1.3492;0.1363138086938951
2012-03-07;0.0;27.92;1.0424;0.10531686494405296
2012-03-08;0.0;27.88;0.7854;0.07935136773509131
2012-03-09;7.95;25.6;0.6742;0.0681164911217196
2012-03-10;0.0;26.88;0.6227;0.06291328837362027
2012-03-11;0.0;27.16;0.5276;0.05330504407567376
2012-03-12;0.0;27.8;0.4838;0.0488797959132126
2012-03-13;0.0;25.72;0.4425;0.044707130408426166
2012-03-14;14.65;22.4;0.4425;0.044707130408426166
2012-03-15;13.6;20.52;0.3670000000000001;0.03707913414664951
2012-03-16;0.0;20.36;0.3670000000000001;0.03707913414664951
2012-03-17;0.0;23.22;0.3004;0.030350332146194838
2012-03-18;0.0;23.88;0.3004;0.030350332146194838
2012-03-19;0.0;23.8;0.5738;0.05797277158950265
2012-03-20;0.0;24.28;0.8452;0.08539314490667071
2012-03-21;0.0;22.8;0.9737;0.09837589351115153
2012-03-22;13.5;21.44;0.7854;0.07935136773509131
2012-03-23;3.8;19.32;0.6742;0.0681164911217196
2012-03-24;0.0;18.36;0.5738;0.05797277158950265
2012-03-25;0.0;18.88;0.5276;0.05330504407567376
2012-03-26;0.0;18.84;0.4425;0.044707130408426166
2012-03-27;0.1;15.24;0.4425;0.044707130408426166
2012-03-28;0.0;13.8;0.3670000000000001;0.03707913414664951
2012-03-29;0.0;16.04;0.3004;0.030350332146194838
2012-03-30;0.0;17.6;0.3004;0.030350332146194838
2012-03-31;0.0;19.8;0.2704;0.02731934025409815
2012-04-01;0.0;22.64;0.2423;0.024480311181834254
2012-04-02;0.0;21.2;0.2163;0.021853451542017125
2012-04-03;0.0;23.36;0.1921;0.0194084514157258
2012-04-04;0.0;23.88;0.1493;0.015084236316334518
2012-04-05;0.0;20.12;0.1493;0.015084236316334518
2012-04-06;36.6;18.32;0.1304;0.013174711424313605
2012-04-07;0.0;18.12;0.1132;0.011436942739511504
2012-04-08;0.0;19.64;0.1132;0.011436942739511504
2012-04-09;0.0;21.8;0.0834;0.008426157460028795
2012-04-10;0.0;20.68;0.0593;0.005991260640044455
2012-04-11;2.45;23.44;0.0593;0.005991260640044455
2012-04-12;0.0;24.04;0.0593;0.005991260640044455
2012-04-13;0.1;22.52;0.1132;0.011436942739511504
2012-04-14;23.2;18.32;0.6227;0.06291328837362027
2012-04-15;10.5;17.84;2.8915;0.2921371018665858
2012-04-16;0.0;18.48;3.9323;0.39729231390972697
2012-04-17;1.7;19.48;4.2489;0.429279381677654
2012-04-18;0.0;20.64;3.3243;0.3358642115632341
2012-04-19;0.0;18.76;3.0335;0.3064837968225101
2012-04-20;0.0;19.76;2.4827;0.2508347856836149
2012-04-21;0.0;19.6;2.1283;0.21502866813164606
2012-04-22;0.5;13.64;2.018;0.2038847212750373
2012-04-23;0.0;15.16;1.8088;0.18274860448081634
2012-04-24;0.0;11.6;1.5225;0.15382283852390696
2012-04-25;0.0;13.84;1.2676;0.1280695107473921
2012-04-26;0.0;14.56;0.9737;0.09837589351115153
2012-04-27;0.45;12.32;0.8452;0.08539314490667071
2012-04-28;0.0;11.76;0.6742;0.0681164911217196
2012-04-29;3.35;13.28;0.5738;0.05797277158950265
2012-04-30;1.0;10.76;0.5276;0.05330504407567376
2012-05-01;0.55;12.08;0.4425;0.044707130408426166
2012-05-02;0.0;14.84;0.3670000000000001;0.03707913414664951
2012-05-03;1.15;17.72;0.3670000000000001;0.03707913414664951
2012-05-04;0.0;19.0;0.3326;0.033603596777045296
2012-05-05;0.0;18.6;0.3004;0.030350332146194838
2012-05-06;0.0;19.04;0.2704;0.02731934025409815
2012-05-07;0.0;19.68;0.2423;0.024480311181834254
2012-05-08;5.5;19.16;0.2423;0.024480311181834254
2012-05-09;0.0;19.8;0.2423;0.024480311181834254
2012-05-10;0.0;21.64;0.2704;0.02731934025409815
2012-05-11;0.0;17.22;0.3004;0.030350332146194838
2012-05-12;0.45;11.72;0.2704;0.02731934025409815
2012-05-13;0.0;10.0;0.2423;0.024480311181834254
2012-05-14;0.0;11.6;0.2423;0.024480311181834254
2012-05-15;3.1;13.36;0.2423;0.024480311181834254
2012-05-16;0.0;15.88;0.2163;0.021853451542017125
2012-05-17;0.0;16.76;0.2163;0.021853451542017125
2012-05-18;0.0;17.48;0.1921;0.0194084514157258
2012-05-19;0.0;17.92;0.1921;0.0194084514157258
2012-05-20;0.0;17.96;0.1921;0.0194084514157258
2012-05-21;0.0;17.36;0.1698;0.01715541410926726
2012-05-22;0.0;19.16;0.1698;0.01715541410926726
2012-05-23;0.0;18.36;0.1493;0.015084236316334518
2012-05-24;0.0;18.12;0.1304;0.013174711424313605
2012-05-25;0.0;17.36;0.1132;0.011436942739511504
2012-05-26;0.0;17.04;0.1132;0.011436942739511504
2012-05-27;0.0;17.48;0.1132;0.011436942739511504
2012-05-28;0.0;21.88;0.0834;0.008426157460028795
2012-05-29;0.0;24.32;0.0834;0.008426157460028795
2012-05-30;8.9;15.08;0.0834;0.008426157460028795
2012-05-31;19.2;11.8;1.9116;0.193134803364401
2012-06-01;0.0;11.96;1.1893;0.12015862190901973
2012-06-02;18.7;14.8;0.8452;0.08539314490667071
2012-06-03;7.65;12.96;3.0335;0.3064837968225101
2012-06-04;0.09999999999999963;11.36;1.5225;0.15382283852390696
2012-06-05;0.0;7.2;1.3492;0.1363138086938951
2012-06-06;1.0;7.2;1.2676;0.1280695107473921
2012-06-07;0.0;4.04;1.1893;0.12015862190901973
2012-06-08;0.0;4.12;1.1143;0.11258114217877804
2012-06-09;0.0;5.96;0.9737;0.09837589351115153
2012-06-10;0.0;7.84;0.7284;0.0735924831401076
2012-06-11;4.55;12.96;0.7284;0.0735924831401076
2012-06-12;0.0;16.4;0.6742;0.0681164911217196
2012-06-13;0.0;22.6;0.6227;0.06291328837362027
2012-06-14;0.0;22.8;0.5738;0.05797277158950265
2012-06-15;0.0;19.8;0.5276;0.05330504407567376
2012-06-16;0.0;15.84;0.5276;0.05330504407567376
2012-06-17;0.0;12.72;0.5276;0.05330504407567376
2012-06-18;44.55;14.24;3.4731;0.35089793134803365
2012-06-19;0.0;12.76;5.7725;0.5832133565709379
2012-06-20;0.0;11.0;4.0896;0.4131848147306206
2012-06-21;0.0;10.96;3.4731;0.35089793134803365
2012-06-22;2.65;11.64;3.1778;0.32106286782349525
2012-06-23;2.15;10.84;2.7518;0.27802278295572225
2012-06-24;0.0;13.84;2.018;0.2038847212750373
2012-06-25;0.0;11.92;1.4341;0.14489151574852868
2012-06-26;2.0;15.16;1.0424;0.10531686494405296
2012-06-27;0.0;19.8;0.7284;0.0735924831401076
2012-06-28;0.0;24.28;0.5276;0.05330504407567376
2012-06-29;0.0;25.52;0.5276;0.05330504407567376
2012-06-30;0.0;23.8;0.4425;0.044707130408426166
2012-07-01;0.0;25.28;0.4425;0.044707130408426166
2012-07-02;0.0;26.24;0.4036;0.04077694425500745
2012-07-03;0.0;16.96;0.3670000000000001;0.03707913414664951
2012-07-04;0.0;19.2;0.3670000000000001;0.03707913414664951
2012-07-05;0.0;12.0;1.9116;0.193134803364401
2012-07-06;54.15;8.52;91.9149;9.286443888762598
2012-07-07;63.40000000000001;5.96;96.6981;9.769705236038492
2012-07-08;0.0;5.12;32.6874;3.3025081457907097
2012-07-09;0.0;11.84;24.1156;2.4364729357682307
2012-07-10;0.0;13.24;15.6867;1.5848753504584374
2012-07-11;5.0;7.16;12.3305;1.2457881841832743
2012-07-12;0.0;8.64;9.0507;0.9144199439266502
2012-07-13;0.0;13.4;6.4987;0.6565835669722918
2012-07-14;0.0;10.8;5.7725;0.5832133565709379
2012-07-15;0.0;5.84;5.0760000000000005;0.5128438281427598
2012-07-16;0.0;8.04;4.4104;0.4455962213634413
2012-07-17;0.75;10.44;3.7771;0.3816119825212801
2012-07-18;0.09999999999999998;9.6;3.0335;0.3064837968225101
2012-07-19;0.0;10.92;2.4827;0.2508347856836149
2012-07-20;0.0;12.4;2.2425;0.2265666439342275
2012-07-21;0.0;14.36;2.018;0.2038847212750373
2012-07-22;0.0;13.2;1.9116;0.193134803364401
2012-07-23;0.0;14.28;1.8088;0.18274860448081634
2012-07-24;0.0;15.4;1.7098;0.17274633123689728
2012-07-25;6.8;7.8;1.6144;0.1631077770200298
2012-07-26;5.0;8.12;1.5225;0.15382283852390696
2012-07-27;0.0;8.4;1.4341;0.14489151574852868
2012-07-28;0.0;9.04;1.4341;0.14489151574852868
2012-07-29;24.5;12.44;27.2575;2.7539087166275165
2012-07-30;0.0;10.32;30.5417;3.0857215023616478
2012-07-31;0.0;13.84;17.9842;1.8169988128615089
2012-08-01;0.0;20.36;34.702;3.5060493546513096
2012-08-02;6.15;23.16;23.9543;2.4201763026950567
2012-08-03;0.0;23.96;13.4978;1.3637240787047562
2012-08-04;0.0;22.6;11.8737;1.1996362809729482
2012-08-05;0.0;15.2;10.5387;1.064757141774646
2012-08-06;0.0;12.68;8.6398;0.8729054583112322
2012-08-07;0.0;16.36;6.3144;0.6379631734485111
2012-08-08;0.0;21.32;5.0760000000000005;0.5128438281427598
2012-08-09;0.0;17.0;4.5738;0.4621050238690612
2012-08-10;0.0;17.52;3.4731;0.35089793134803365
2012-08-11;1.15;21.92;2.7518;0.27802278295572225
2012-08-12;0.0;21.96;2.2425;0.2265666439342275
2012-08-13;26.05;15.72;4.2489;0.429279381677654
2012-08-14;2.4;19.52;4.9066;0.4957288272587205
2012-08-15;0.0;23.44;4.098633333333333;0.4140974800670186
2012-08-16;0.0;22.44;3.290666666666666;0.33246613287531673
2012-08-17;0.0;24.2;2.4827;0.2508347856836149
2012-08-18;0.0;23.2;2.1283;0.21502866813164606
2012-08-19;1.15;19.72;2.018;0.2038847212750373
2012-08-20;0.0;21.96;1.7098;0.17274633123689728
2012-08-21;0.15;19.56;1.4341;0.14489151574852868
2012-08-22;0.0;21.8;1.2676;0.1280695107473921
2012-08-23;0.0;23.84;1.1143;0.11258114217877804
2012-08-24;0.0;24.2;8.2353;0.8320375842994622
2012-08-25;0.0;14.04;10.7575;1.0868631759743377
2012-08-26;26.4;8.92;14.7002;1.4852062337399914
2012-08-27;14.25;12.0;16.1881;1.63553332828168
2012-08-28;9.05;13.16;16.1881;1.63553332828168
2012-08-29;0.15000000000000002;14.44;15.1907;1.5347629511757723
2012-08-30;0.0;15.36;13.2615;1.3398499659013412
2012-08-31;0.0;18.44;10.5387;1.064757141774646
2012-09-01;0.0;19.28;7.4464;0.7523326008436261
2012-09-02;0.0;20.68;5.7725;0.5832133565709379
2012-09-03;0.0;15.92;4.9066;0.4957288272587205
2012-09-04;0.0;18.24;3.7771;0.3816119825212801
2012-09-05;0.0;20.84;3.0335;0.3064837968225101
2012-09-06;0.0;19.36;2.2425;0.2265666439342275
2012-09-07;0.0;23.12;1.8088;0.18274860448081634
2012-09-08;10.4;18.8;1.4341;0.14489151574852868
2012-09-09;33.35;17.08;1.4341;0.14489151574852868
2012-09-10;26.7;15.08;49.6029;5.011532924149428
2012-09-11;24.8;17.04;101.919;10.29718875502008
2012-09-12;0.0;17.92;47.5022;4.799292768558511
2012-09-13;0.8;16.28;29.8387;3.014695259023516
2012-09-14;1.5;20.2;22.8363;2.3072213381829205
2012-09-15;0.0;21.12;14.4569;1.4606248894950873
2012-09-16;0.65;22.24;13.0266;1.3161172993862242
2012-09-17;21.5;22.72;37.1407;3.7524386855598504
2012-09-18;21.0;18.84;110.657;11.180015660124779
2012-09-19;108.35;14.8;207.266;20.940718850243737
2012-09-20;0.14999999999999858;13.8;97.201;9.820514763456343
2012-09-21;0.0;14.32;48.1289;4.8626101891844105
2012-09-22;1.5;13.68;27.5966;2.788169028314516
2012-09-23;0.0;14.84;20.509;2.072087090500366
2012-09-24;0.0;20.8;16.4462;1.6616099618600186
2012-09-25;0.0;11.24;12.9673;1.3101260387461795
2012-09-26;0.0;9.4;10.5955;1.0704958197570156
2012-09-27;0.0;13.8;8.663;0.8752494253744538
2012-09-28;0.0;16.96;7.1117;0.7185168346341341
2012-09-29;0.0;16.24;6.0853;0.6148164986991993
2012-09-30;1.25;20.32;4.9460000000000015;0.4997095299436743
2012-10-01;12.6;19.0;20.0548;2.0261978732540222
2012-10-02;13.35;17.76;22.5206;2.2753252001717565
2012-10-03;20.35;21.12;98.8839;9.990543305296658
2012-10-04;0.0;21.56;74.8783;7.565184006466116
2012-10-05;0.0;22.24;36.0074;3.637937915182743
2012-10-06;0.0;23.96;25.917;2.618473895582329
2012-10-07;0.0;22.64;20.9669;2.1183501300800684
2012-10-08;2.65;23.8;15.8417;1.6005354752342704
2012-10-09;8.25;20.04;13.5223;1.3661993887499684
2012-10-10;23.15;17.36;25.0922;2.535141825162284
2012-10-11;6.3000000000000025;15.72;33.0503;3.3391730443787737
2012-10-12;0.10000000000000007;17.6;30.5417;3.0857215023616478
2012-10-13;0.0;18.68;25.917;2.618473895582329
2012-10-14;0.0;19.92;22.2065;2.243590715061504
2012-10-15;0.0;21.08;19.4553;1.965628551943624
2012-10-16;0.0;22.32;14.3735;1.4521987320350584
2012-10-17;0.0;19.56;11.3631;1.1480487989694623
2012-10-18;0.0;18.12;9.6083;0.9707559798944204
2012-10-19;0.0;20.2;8.663;0.8752494253744538
2012-10-20;0.0;21.44;6.4876;0.6554620999722159
2012-10-21;10.0;22.72;7.1117;0.7185168346341341
2012-10-22;5.25;21.16;19.3065;1.950594832158824
2012-10-23;34.15;18.92;23.9543;2.4201763026950567
2012-10-24;0.0;18.84;21.8941;2.212027986158471
2012-10-25;1.5;19.28;16.7521;1.6925159758530977
2012-10-26;2.5;22.44;13.8035;1.3946098860852214
2012-10-27;4.25;23.96;11.6241;1.174418428430704
2012-10-28;1.2;22.16;10.3448;1.045166830845394
2012-10-29;0.0;21.16;9.368;0.9464777348387259
2012-10-30;0.0;22.0;8.663;0.8752494253744538
2012-10-31;0.0;19.88;8.663;0.8752494253744538
2012-11-01;1.9;20.52;7.7604;0.7840569826475714
2012-11-02;0.0;20.64;6.2851;0.6350029047005633
2012-11-03;0.0;20.52;5.1288;0.5181783738728499
2012-11-04;0.0;21.44;4.415;0.44606097345356266
2012-11-05;0.0;22.52;3.9101;0.3950493799095754
2012-11-06;0.0;23.92;3.2786;0.3312470005809401
2012-11-07;0.0;25.68;2.6957;0.2723548281175014
2012-11-08;0.0;26.36;2.5577;0.2584122654138567
2012-11-09;0.0;28.28;1.5691;0.1585309792629638
2012-11-10;0.0;25.8;1.4603;0.14753858200095982
2012-11-11;0.0;23.48;1.0595;0.10704453032254806
2012-11-12;0.4;19.2;0.8801;0.08891919880780985
2012-11-13;4.25;18.72;0.7254;0.07328938395089794
2012-11-14;0.15000000000000002;19.64;0.6714;0.06783359854512389
2012-11-15;0.0;21.48;0.5254;0.053082771336920014
2012-11-16;0.0;23.32;0.4407;0.04452527089490035
2012-11-17;0.0;23.76;0.3655;0.03692758455204466
2012-11-18;0.0;25.44;0.3312;0.033462150488747434
2012-11-19;8.85;23.84;7.7604;0.7840569826475714
2012-11-20;3.5000000000000004;24.36;5.6943;0.5753125710388725
2012-11-21;0.0;24.64;4.9460000000000015;0.4997095299436743
2012-11-22;0.0;25.72;3.9101;0.3950493799095754
2012-11-23;37.35;24.28;2.6957;0.2723548281175014
2012-11-24;8.65;22.12;3.432;0.3467454724558612
2012-11-25;0.15000000000000036;20.48;3.9101;0.3950493799095754
2012-11-26;0.0;23.04;3.1283;0.3160617312015357
2012-11-27;0.0;23.36;2.1627;0.21850420550125035
2012-11-28;0.0;25.56;1.4603;0.14753858200095982
2012-11-29;0.0;23.32;1.0595;0.10704453032254806
2012-11-30;0.0;27.12;0.8801;0.08891919880780985
2012-12-01;0.0;23.96;0.8801;0.08891919880780985
2012-12-02;4.0;23.56;3.432;0.3467454724558612
2012-12-03;0.0;27.12;3.9101;0.3950493799095754
2012-12-04;0.0;24.0;3.2786;0.3312470005809401
2012-12-05;13.95;27.28;2.9810000000000003;0.30117956101134097
2012-12-06;0.95;29.84;2.1627;0.21850420550125035
2012-12-07;0.0;25.68;1.7967;0.18152610441767067
2012-12-08;7.1000000000000005;23.24;1.6812;0.16985678563309844
2012-12-09;0.0;23.76;1.4603;0.14753858200095982
2012-12-10;0.0;28.88;1.0595;0.10704453032254806
2012-12-11;18.65;25.04;0.7254;0.07328938395089794
2012-12-12;0.0;21.68;1.253;0.1265944280265717
2012-12-13;27.1;22.96;1.0595;0.10704453032254806
2012-12-14;2.0;23.72;0.7254;0.07328938395089794
2012-12-15;0.0;24.96;0.6201;0.06265060240963856
2012-12-16;0.0;25.44;0.5254;0.053082771336920014
2012-12-17;22.4;25.48;0.4019;0.040605188047788635
2012-12-18;23.5;26.36;6.4876;0.6554620999722159
2012-12-19;0.85;24.88;5.8884;0.594923088580738
2012-12-20;2.5;25.88;5.8884;0.594923088580738
2012-12-21;7.5;20.76;20.6612;2.0874643226996032
2012-12-22;13.45;22.88;21.5834;2.1806370134626563
2012-12-23;0.0;26.88;19.3065;1.950594832158824
2012-12-24;0.0;31.24;9.6083;0.9707559798944204
2012-12-25;0.0;33.32;8.2063;0.8291076254704354
2012-12-26;4.0;21.08;11.1046;1.1219317521658962
2012-12-27;34.35;17.44;20.0548;2.0261978732540222
2012-12-28;52.40000000000001;20.4;30.1894;3.0501275542421262
2012-12-29;0.04999999999999717;22.56;26.5841;2.6858730519562526
2012-12-30;0.0;26.4;21.2743;2.1494076936677526
2012-12-31;0.0;29.48;19.4553;1.965628551943624
